3
5
1 12 10 8 6 1 9
2 20 10 5 9 5 9
3 1 1 4 9 10 7
1000
1 4
2 4
3 4
4 1
5 2
6 4
7 3
8 5
9 4
10 5
11 4
12 4
13 4
14 1
15 5
16 2
17 3
18 3
19 3
20 1
21 3
22 1
23 3
24 3
25 4
26 1
27 3
28 3
29 5
30 4
31 2
32 1
33 4
34 2
35 3
36 4
37 2
38 2
39 2
40 4
41 3
42 4
43 5
44 1
45 2
46 4
47 5
48 3
49 5
50 2
51 3
52 4
53 3
54 5
55 4
56 2
57 3
58 1
59 4
60 4
61 4
62 5
63 2
64 4
65 1
66 3
67 5
68 5
69 2
70 1
71 1
72 2
73 2
74 4
75 3
76 1
77 2
78 5
79 4
80 3
81 1
82 3
83 5
84 5
85 5
86 5
87 5
88 5
89 5
90 5
91 4
92 3
93 4
94 2
95 3
96 5
97 2
98 2
99 1
100 4
101 4
102 1
103 2
104 3
105 4
106 5
107 4
108 5
109 4
110 5
111 4
112 2
113 3
114 3
115 1
116 5
117 2
118 1
119 1
120 3
121 3
122 3
123 4
124 1
125 5
126 1
127 1
128 5
129 1
130 2
131 3
132 5
133 3
134 3
135 1
136 1
137 2
138 3
139 4
140 3
141 2
142 4
143 4
144 2
145 4
146 3
147 3
148 4
149 3
150 5
151 1
152 5
153 4
154 2
155 3
156 3
157 3
158 3
159 4
160 4
161 4
162 1
163 3
164 5
165 3
166 2
167 3
168 2
169 2
170 4
171 4
172 5
173 5
174 1
175 2
176 5
177 4
178 2
179 2
180 3
181 3
182 5
183 3
184 5
185 2
186 4
187 4
188 5
189 3
190 2
191 5
192 5
193 2
194 4
195 4
196 3
197 2
198 1
199 3
200 2
201 1
202 5
203 3
204 2
205 5
206 4
207 5
208 3
209 3
210 4
211 2
212 5
213 4
214 1
215 2
216 5
217 1
218 5
219 5
220 1
221 5
222 5
223 3
224 4
225 4
226 3
227 4
228 4
229 2
230 3
231 2
232 3
233 3
234 1
235 5
236 1
237 3
238 1
239 4
240 1
241 3
242 4
243 5
244 4
245 2
246 5
247 1
248 5
249 4
250 3
251 3
252 2
253 1
254 5
255 4
256 1
257 5
258 1
259 1
260 3
261 5
262 1
263 2
264 3
265 3
266 2
267 5
268 3
269 1
270 5
271 1
272 5
273 1
274 2
275 3
276 1
277 5
278 5
279 4
280 5
281 1
282 3
283 2
284 3
285 1
286 2
287 4
288 5
289 5
290 5
291 2
292 3
293 3
294 3
295 5
296 3
297 4
298 4
299 1
300 5
301 2
302 1
303 5
304 5
305 1
306 1
307 4
308 4
309 2
310 3
311 3
312 4
313 4
314 3
315 2
316 3
317 5
318 3
319 3
320 1
321 2
322 4
323 5
324 2
325 2
326 4
327 2
328 4
329 5
330 3
331 1
332 2
333 4
334 4
335 3
336 5
337 1
338 4
339 1
340 5
341 1
342 4
343 4
344 1
345 5
346 5
347 1
348 4
349 1
350 2
351 2
352 4
353 4
354 1
355 3
356 2
357 2
358 1
359 5
360 3
361 1
362 1
363 4
364 1
365 4
366 4
367 2
368 4
369 4
370 2
371 4
372 3
373 3
374 1
375 5
376 2
377 3
378 3
379 3
380 4
381 4
382 3
383 4
384 2
385 2
386 5
387 1
388 1
389 4
390 1
391 1
392 2
393 1
394 2
395 4
396 5
397 2
398 1
399 1
400 2
401 1
402 1
403 2
404 3
405 1
406 5
407 3
408 4
409 3
410 2
411 5
412 1
413 5
414 3
415 2
416 2
417 5
418 4
419 2
420 1
421 2
422 3
423 5
424 1
425 5
426 4
427 4
428 1
429 5
430 1
431 5
432 2
433 5
434 5
435 3
436 5
437 3
438 3
439 4
440 1
441 2
442 3
443 4
444 5
445 2
446 3
447 1
448 5
449 4
450 4
451 4
452 1
453 2
454 4
455 2
456 4
457 4
458 4
459 2
460 5
461 3
462 1
463 3
464 1
465 5
466 5
467 4
468 3
469 3
470 1
471 3
472 1
473 1
474 4
475 2
476 4
477 5
478 2
479 3
480 4
481 5
482 3
483 1
484 5
485 3
486 3
487 5
488 3
489 1
490 1
491 5
492 3
493 4
494 1
495 4
496 3
497 3
498 4
499 1
500 4
501 2
502 5
503 3
504 1
505 5
506 3
507 4
508 4
509 5
510 1
511 3
512 2
513 3
514 2
515 2
516 2
517 2
518 4
519 4
520 4
521 2
522 2
523 2
524 4
525 5
526 5
527 5
528 2
529 3
530 4
531 4
532 4
533 5
534 3
535 5
536 4
537 2
538 4
539 2
540 5
541 5
542 5
543 2
544 2
545 1
546 5
547 1
548 5
549 5
550 5
551 4
552 1
553 1
554 1
555 5
556 5
557 3
558 4
559 3
560 4
561 5
562 2
563 1
564 2
565 1
566 2
567 5
568 4
569 1
570 3
571 5
572 2
573 3
574 5
575 2
576 4
577 1
578 3
579 5
580 2
581 2
582 4
583 4
584 2
585 2
586 2
587 3
588 2
589 3
590 3
591 1
592 2
593 5
594 2
595 2
596 3
597 2
598 4
599 2
600 1
601 2
602 5
603 2
604 2
605 4
606 4
607 4
608 1
609 2
610 5
611 4
612 3
613 2
614 3
615 3
616 3
617 4
618 2
619 3
620 3
621 4
622 1
623 2
624 2
625 4
626 1
627 3
628 1
629 4
630 3
631 1
632 4
633 1
634 1
635 2
636 3
637 3
638 2
639 3
640 5
641 4
642 5
643 1
644 5
645 4
646 4
647 4
648 2
649 2
650 5
651 3
652 1
653 1
654 1
655 1
656 3
657 5
658 5
659 5
660 5
661 4
662 3
663 4
664 2
665 5
666 3
667 3
668 3
669 4
670 4
671 4
672 5
673 1
674 5
675 5
676 5
677 5
678 5
679 3
680 4
681 3
682 3
683 1
684 4
685 5
686 1
687 3
688 4
689 4
690 1
691 2
692 4
693 4
694 4
695 1
696 4
697 4
698 1
699 4
700 2
701 4
702 5
703 1
704 4
705 5
706 3
707 5
708 4
709 4
710 4
711 3
712 4
713 3
714 4
715 2
716 5
717 2
718 1
719 5
720 4
721 2
722 5
723 2
724 4
725 1
726 4
727 2
728 4
729 1
730 2
731 5
732 5
733 3
734 3
735 4
736 1
737 3
738 4
739 4
740 2
741 4
742 4
743 1
744 4
745 3
746 4
747 2
748 4
749 5
750 2
751 1
752 2
753 5
754 3
755 3
756 2
757 4
758 5
759 5
760 3
761 5
762 2
763 3
764 1
765 1
766 5
767 4
768 3
769 4
770 2
771 5
772 2
773 5
774 4
775 4
776 1
777 1
778 2
779 3
780 5
781 3
782 5
783 1
784 4
785 4
786 2
787 1
788 1
789 4
790 1
791 3
792 2
793 5
794 3
795 4
796 5
797 3
798 4
799 4
800 5
801 2
802 5
803 1
804 4
805 5
806 1
807 1
808 2
809 3
810 3
811 5
812 5
813 1
814 3
815 4
816 1
817 4
818 3
819 1
820 4
821 5
822 4
823 1
824 4
825 4
826 2
827 5
828 3
829 4
830 3
831 4
832 3
833 1
834 4
835 5
836 2
837 2
838 5
839 3
840 2
841 2
842 1
843 3
844 5
845 4
846 3
847 1
848 4
849 2
850 2
851 5
852 4
853 4
854 5
855 5
856 5
857 1
858 3
859 5
860 3
861 3
862 3
863 3
864 5
865 4
866 1
867 4
868 5
869 4
870 4
871 3
872 5
873 5
874 4
875 1
876 2
877 2
878 4
879 4
880 2
881 4
882 3
883 4
884 2
885 5
886 3
887 5
888 1
889 5
890 1
891 5
892 2
893 4
894 1
895 1
896 3
897 4
898 1
899 5
900 2
901 4
902 4
903 2
904 2
905 5
906 3
907 2
908 2
909 2
910 3
911 1
912 2
913 1
914 5
915 1
916 4
917 4
918 4
919 1
920 2
921 1
922 5
923 1
924 1
925 5
926 3
927 2
928 4
929 5
930 5
931 1
932 5
933 2
934 4
935 5
936 1
937 1
938 5
939 5
940 4
941 2
942 5
943 4
944 5
945 3
946 1
947 3
948 2
949 3
950 2
951 5
952 2
953 1
954 2
955 3
956 5
957 3
958 3
959 1
960 4
961 3
962 1
963 2
964 5
965 2
966 1
967 3
968 4
969 3
970 4
971 4
972 1
973 2
974 3
975 5
976 5
977 3
978 3
979 3
980 4
981 2
982 1
983 4
984 4
985 2
986 3
987 5
988 3
989 4
990 1
991 1
992 4
993 4
994 2
995 3
996 2
997 5
998 5
999 2
1000 5
