3
5
1 13 1 5 3 1 3
2 22 8 5 7 6 5
3 28 7 7 4 7 1
1000
1 2
2 4
3 3
4 4
5 2
6 1
7 1
8 5
9 4
10 2
11 3
12 2
13 5
14 3
15 1
16 5
17 3
18 2
19 5
20 1
21 3
22 3
23 3
24 3
25 4
26 2
27 3
28 5
29 4
30 1
31 2
32 2
33 1
34 2
35 3
36 1
37 3
38 1
39 4
40 5
41 4
42 1
43 5
44 4
45 2
46 3
47 3
48 3
49 2
50 1
51 2
52 1
53 3
54 3
55 2
56 2
57 5
58 2
59 4
60 5
61 4
62 1
63 1
64 2
65 3
66 5
67 3
68 2
69 1
70 3
71 4
72 1
73 3
74 5
75 2
76 5
77 1
78 1
79 1
80 2
81 3
82 1
83 5
84 1
85 1
86 1
87 4
88 5
89 4
90 3
91 2
92 3
93 2
94 4
95 5
96 5
97 3
98 2
99 2
100 4
101 4
102 5
103 3
104 2
105 4
106 2
107 4
108 4
109 5
110 2
111 5
112 2
113 5
114 5
115 2
116 2
117 2
118 4
119 3
120 5
121 1
122 5
123 1
124 3
125 3
126 4
127 4
128 1
129 5
130 5
131 2
132 3
133 3
134 4
135 3
136 3
137 1
138 4
139 2
140 2
141 4
142 3
143 3
144 4
145 2
146 5
147 3
148 2
149 2
150 3
151 3
152 5
153 1
154 5
155 4
156 3
157 4
158 3
159 5
160 4
161 3
162 4
163 4
164 1
165 5
166 5
167 1
168 2
169 1
170 2
171 1
172 5
173 4
174 3
175 5
176 2
177 1
178 4
179 4
180 1
181 4
182 5
183 1
184 2
185 3
186 5
187 2
188 2
189 4
190 3
191 1
192 4
193 4
194 3
195 1
196 4
197 4
198 1
199 2
200 1
201 3
202 5
203 5
204 3
205 4
206 4
207 3
208 3
209 3
210 2
211 2
212 1
213 2
214 3
215 3
216 1
217 3
218 3
219 5
220 2
221 1
222 2
223 3
224 1
225 5
226 3
227 1
228 2
229 4
230 4
231 3
232 4
233 4
234 1
235 4
236 2
237 3
238 2
239 2
240 2
241 5
242 5
243 5
244 3
245 2
246 5
247 1
248 2
249 2
250 3
251 5
252 2
253 4
254 4
255 1
256 1
257 1
258 4
259 2
260 4
261 3
262 1
263 1
264 4
265 4
266 4
267 3
268 2
269 3
270 4
271 2
272 5
273 4
274 5
275 5
276 4
277 5
278 3
279 3
280 1
281 5
282 5
283 5
284 2
285 2
286 1
287 5
288 1
289 4
290 2
291 3
292 4
293 4
294 5
295 5
296 2
297 4
298 4
299 3
300 3
301 1
302 2
303 4
304 3
305 4
306 4
307 2
308 5
309 3
310 2
311 2
312 5
313 5
314 4
315 1
316 5
317 2
318 2
319 4
320 4
321 2
322 5
323 3
324 2
325 4
326 1
327 3
328 4
329 2
330 1
331 2
332 3
333 1
334 4
335 4
336 4
337 1
338 5
339 5
340 3
341 1
342 4
343 4
344 4
345 5
346 2
347 3
348 4
349 3
350 1
351 3
352 1
353 5
354 4
355 2
356 3
357 3
358 4
359 5
360 1
361 4
362 1
363 5
364 5
365 5
366 5
367 2
368 3
369 1
370 1
371 5
372 5
373 3
374 4
375 2
376 1
377 5
378 3
379 5
380 5
381 2
382 4
383 4
384 3
385 4
386 4
387 5
388 3
389 3
390 3
391 2
392 5
393 4
394 4
395 5
396 2
397 1
398 1
399 3
400 3
401 2
402 5
403 1
404 3
405 1
406 4
407 3
408 1
409 5
410 3
411 3
412 5
413 2
414 5
415 4
416 3
417 1
418 5
419 2
420 4
421 2
422 1
423 5
424 5
425 4
426 5
427 3
428 3
429 4
430 3
431 2
432 4
433 1
434 5
435 2
436 1
437 5
438 1
439 3
440 2
441 2
442 2
443 1
444 3
445 2
446 5
447 1
448 4
449 1
450 1
451 4
452 5
453 2
454 5
455 3
456 5
457 5
458 3
459 3
460 4
461 5
462 1
463 1
464 2
465 2
466 4
467 3
468 4
469 1
470 2
471 4
472 2
473 4
474 4
475 1
476 5
477 5
478 2
479 5
480 1
481 4
482 3
483 2
484 5
485 1
486 2
487 1
488 1
489 4
490 4
491 2
492 3
493 5
494 5
495 4
496 5
497 2
498 5
499 5
500 2
501 3
502 5
503 2
504 1
505 4
506 1
507 5
508 2
509 1
510 1
511 2
512 2
513 1
514 3
515 3
516 4
517 5
518 1
519 5
520 5
521 1
522 2
523 1
524 5
525 2
526 3
527 1
528 5
529 4
530 2
531 4
532 4
533 3
534 4
535 5
536 1
537 3
538 4
539 4
540 2
541 2
542 3
543 1
544 4
545 4
546 1
547 1
548 4
549 1
550 1
551 2
552 4
553 3
554 2
555 1
556 5
557 1
558 3
559 4
560 3
561 1
562 4
563 3
564 2
565 3
566 5
567 2
568 3
569 5
570 1
571 2
572 5
573 2
574 5
575 3
576 1
577 5
578 1
579 1
580 2
581 1
582 3
583 4
584 5
585 5
586 5
587 4
588 3
589 3
590 2
591 5
592 1
593 3
594 2
595 2
596 5
597 4
598 5
599 3
600 5
601 4
602 3
603 3
604 1
605 2
606 2
607 3
608 4
609 4
610 5
611 4
612 3
613 3
614 5
615 4
616 3
617 5
618 5
619 5
620 5
621 1
622 3
623 5
624 1
625 4
626 5
627 2
628 2
629 1
630 5
631 3
632 5
633 1
634 5
635 2
636 4
637 1
638 3
639 5
640 1
641 2
642 3
643 4
644 4
645 4
646 3
647 5
648 1
649 5
650 5
651 3
652 3
653 3
654 5
655 5
656 2
657 5
658 1
659 5
660 1
661 4
662 3
663 2
664 1
665 2
666 3
667 1
668 4
669 1
670 2
671 5
672 4
673 5
674 1
675 3
676 3
677 3
678 2
679 5
680 4
681 2
682 5
683 3
684 5
685 5
686 4
687 4
688 4
689 2
690 3
691 2
692 2
693 5
694 2
695 3
696 4
697 4
698 1
699 1
700 4
701 5
702 2
703 5
704 3
705 3
706 3
707 3
708 4
709 2
710 3
711 5
712 5
713 4
714 1
715 5
716 1
717 2
718 5
719 2
720 1
721 4
722 1
723 3
724 4
725 2
726 5
727 4
728 5
729 5
730 3
731 2
732 5
733 4
734 4
735 3
736 4
737 5
738 1
739 2
740 4
741 1
742 1
743 4
744 1
745 5
746 5
747 1
748 2
749 1
750 2
751 3
752 5
753 1
754 2
755 1
756 4
757 4
758 3
759 3
760 5
761 2
762 3
763 4
764 1
765 2
766 3
767 3
768 2
769 4
770 3
771 2
772 2
773 5
774 1
775 4
776 1
777 5
778 5
779 3
780 3
781 1
782 2
783 3
784 4
785 5
786 1
787 4
788 5
789 1
790 3
791 1
792 2
793 3
794 1
795 3
796 4
797 5
798 2
799 3
800 1
801 4
802 2
803 5
804 2
805 5
806 1
807 4
808 4
809 2
810 4
811 3
812 2
813 1
814 1
815 3
816 5
817 1
818 1
819 4
820 4
821 1
822 3
823 5
824 3
825 1
826 1
827 1
828 1
829 1
830 1
831 5
832 2
833 3
834 5
835 3
836 4
837 3
838 4
839 5
840 3
841 2
842 3
843 2
844 5
845 3
846 4
847 5
848 3
849 5
850 1
851 2
852 4
853 1
854 3
855 1
856 5
857 5
858 5
859 5
860 5
861 1
862 1
863 2
864 5
865 5
866 4
867 4
868 2
869 4
870 1
871 2
872 5
873 3
874 1
875 1
876 2
877 4
878 5
879 5
880 5
881 1
882 1
883 4
884 2
885 2
886 5
887 5
888 5
889 4
890 1
891 2
892 4
893 3
894 3
895 2
896 3
897 5
898 2
899 4
900 3
901 1
902 2
903 4
904 1
905 4
906 2
907 5
908 2
909 1
910 4
911 1
912 1
913 4
914 5
915 5
916 5
917 3
918 4
919 2
920 5
921 4
922 3
923 4
924 2
925 4
926 5
927 1
928 1
929 2
930 2
931 5
932 2
933 5
934 3
935 3
936 1
937 5
938 2
939 4
940 4
941 5
942 3
943 5
944 4
945 1
946 5
947 1
948 2
949 2
950 2
951 5
952 2
953 1
954 3
955 1
956 2
957 5
958 2
959 3
960 3
961 5
962 5
963 2
964 2
965 2
966 3
967 3
968 5
969 4
970 3
971 1
972 4
973 1
974 5
975 3
976 4
977 3
978 4
979 1
980 1
981 4
982 4
983 3
984 3
985 5
986 2
987 2
988 5
989 5
990 3
991 2
992 1
993 4
994 2
995 3
996 3
997 3
998 2
999 5
1000 4
