3
5
1 9 2 2 5 5 4
2 19 9 6 1 8 5
3 2 6 3 9 1 4
1000
1 2
2 5
3 5
4 5
5 2
6 5
7 2
8 5
9 3
10 2
11 3
12 5
13 3
14 4
15 4
16 4
17 5
18 4
19 3
20 1
21 4
22 5
23 3
24 1
25 4
26 2
27 4
28 2
29 4
30 3
31 5
32 3
33 2
34 1
35 2
36 1
37 4
38 1
39 3
40 1
41 5
42 3
43 5
44 5
45 1
46 5
47 5
48 2
49 1
50 4
51 5
52 1
53 3
54 2
55 5
56 1
57 3
58 1
59 1
60 3
61 4
62 1
63 5
64 5
65 4
66 3
67 4
68 2
69 4
70 2
71 2
72 3
73 1
74 1
75 3
76 1
77 2
78 2
79 1
80 3
81 5
82 2
83 3
84 3
85 5
86 5
87 5
88 5
89 1
90 2
91 5
92 1
93 2
94 4
95 4
96 4
97 3
98 1
99 3
100 1
101 5
102 5
103 1
104 4
105 5
106 3
107 5
108 5
109 1
110 4
111 1
112 4
113 3
114 4
115 5
116 3
117 4
118 1
119 3
120 1
121 5
122 1
123 3
124 2
125 4
126 1
127 5
128 4
129 4
130 5
131 1
132 2
133 5
134 5
135 4
136 3
137 5
138 2
139 3
140 1
141 5
142 2
143 3
144 5
145 3
146 3
147 4
148 3
149 4
150 2
151 4
152 3
153 1
154 5
155 4
156 2
157 1
158 5
159 3
160 3
161 2
162 2
163 4
164 4
165 1
166 2
167 5
168 3
169 2
170 5
171 5
172 2
173 5
174 1
175 4
176 1
177 2
178 1
179 2
180 3
181 5
182 5
183 5
184 2
185 4
186 5
187 5
188 4
189 3
190 1
191 5
192 5
193 1
194 3
195 5
196 5
197 3
198 2
199 4
200 1
201 5
202 2
203 2
204 3
205 1
206 4
207 2
208 3
209 4
210 3
211 1
212 4
213 5
214 1
215 5
216 3
217 4
218 2
219 4
220 2
221 5
222 2
223 2
224 1
225 4
226 5
227 3
228 4
229 5
230 2
231 4
232 4
233 2
234 3
235 2
236 3
237 3
238 5
239 5
240 5
241 3
242 5
243 5
244 2
245 4
246 4
247 2
248 1
249 5
250 2
251 4
252 1
253 3
254 4
255 1
256 4
257 4
258 4
259 1
260 4
261 2
262 3
263 1
264 5
265 1
266 1
267 1
268 1
269 2
270 2
271 4
272 5
273 2
274 2
275 5
276 3
277 4
278 2
279 2
280 1
281 3
282 4
283 1
284 2
285 1
286 5
287 5
288 1
289 1
290 5
291 5
292 4
293 5
294 5
295 2
296 2
297 4
298 3
299 4
300 1
301 4
302 2
303 4
304 5
305 5
306 3
307 2
308 2
309 3
310 3
311 4
312 2
313 3
314 5
315 4
316 4
317 2
318 3
319 2
320 5
321 4
322 3
323 5
324 4
325 4
326 1
327 4
328 1
329 5
330 2
331 3
332 2
333 5
334 5
335 1
336 5
337 2
338 3
339 3
340 3
341 3
342 2
343 1
344 2
345 1
346 1
347 1
348 1
349 4
350 4
351 1
352 3
353 3
354 4
355 3
356 5
357 4
358 4
359 2
360 1
361 5
362 1
363 3
364 5
365 5
366 4
367 1
368 2
369 4
370 2
371 4
372 4
373 4
374 2
375 3
376 2
377 1
378 2
379 2
380 4
381 3
382 2
383 1
384 2
385 5
386 2
387 2
388 1
389 3
390 5
391 2
392 2
393 3
394 1
395 1
396 2
397 3
398 3
399 5
400 5
401 1
402 1
403 2
404 2
405 3
406 2
407 5
408 3
409 4
410 1
411 3
412 2
413 4
414 2
415 5
416 3
417 5
418 5
419 5
420 4
421 4
422 5
423 1
424 3
425 2
426 1
427 3
428 2
429 1
430 1
431 5
432 5
433 4
434 1
435 3
436 4
437 5
438 5
439 1
440 5
441 5
442 3
443 4
444 2
445 2
446 5
447 4
448 1
449 5
450 5
451 4
452 5
453 3
454 2
455 1
456 2
457 1
458 5
459 4
460 2
461 1
462 1
463 4
464 3
465 3
466 1
467 1
468 2
469 3
470 5
471 3
472 1
473 3
474 4
475 3
476 4
477 2
478 5
479 5
480 3
481 3
482 1
483 4
484 3
485 4
486 4
487 1
488 3
489 1
490 4
491 4
492 2
493 1
494 5
495 1
496 1
497 4
498 2
499 4
500 2
501 3
502 3
503 5
504 5
505 5
506 3
507 2
508 3
509 2
510 2
511 5
512 5
513 1
514 3
515 1
516 3
517 5
518 5
519 4
520 2
521 4
522 1
523 4
524 5
525 1
526 2
527 2
528 3
529 4
530 2
531 5
532 3
533 1
534 5
535 2
536 1
537 1
538 2
539 4
540 3
541 4
542 1
543 5
544 3
545 2
546 2
547 3
548 5
549 1
550 1
551 5
552 1
553 2
554 1
555 3
556 2
557 5
558 4
559 1
560 1
561 1
562 2
563 5
564 3
565 2
566 3
567 1
568 3
569 4
570 2
571 4
572 2
573 2
574 4
575 3
576 1
577 3
578 3
579 3
580 4
581 2
582 1
583 5
584 5
585 1
586 4
587 4
588 4
589 5
590 1
591 3
592 1
593 1
594 1
595 5
596 4
597 2
598 3
599 3
600 2
601 3
602 3
603 4
604 5
605 2
606 5
607 2
608 3
609 5
610 4
611 5
612 5
613 2
614 3
615 1
616 4
617 5
618 5
619 1
620 3
621 4
622 4
623 2
624 3
625 3
626 2
627 2
628 5
629 5
630 3
631 2
632 3
633 3
634 2
635 4
636 5
637 3
638 1
639 3
640 3
641 4
642 4
643 4
644 2
645 3
646 4
647 5
648 4
649 1
650 1
651 4
652 3
653 3
654 4
655 2
656 5
657 1
658 4
659 4
660 4
661 3
662 2
663 2
664 5
665 4
666 5
667 5
668 5
669 1
670 2
671 1
672 4
673 3
674 1
675 1
676 4
677 1
678 2
679 3
680 1
681 5
682 5
683 5
684 1
685 4
686 3
687 1
688 4
689 2
690 2
691 1
692 2
693 2
694 2
695 4
696 5
697 5
698 3
699 2
700 5
701 5
702 1
703 3
704 5
705 3
706 1
707 2
708 1
709 3
710 5
711 2
712 1
713 3
714 1
715 4
716 2
717 3
718 3
719 5
720 3
721 5
722 5
723 4
724 2
725 4
726 5
727 5
728 5
729 3
730 5
731 1
732 1
733 1
734 3
735 5
736 1
737 3
738 4
739 3
740 3
741 5
742 4
743 1
744 5
745 4
746 2
747 3
748 4
749 5
750 2
751 4
752 3
753 5
754 5
755 1
756 3
757 5
758 3
759 3
760 2
761 4
762 5
763 4
764 2
765 2
766 5
767 1
768 4
769 5
770 2
771 3
772 5
773 3
774 3
775 4
776 5
777 4
778 3
779 3
780 5
781 3
782 3
783 1
784 3
785 5
786 3
787 2
788 2
789 2
790 2
791 5
792 4
793 5
794 2
795 2
796 2
797 3
798 1
799 1
800 3
801 5
802 3
803 3
804 2
805 3
806 2
807 4
808 2
809 3
810 3
811 3
812 2
813 1
814 4
815 5
816 1
817 1
818 1
819 3
820 5
821 5
822 4
823 5
824 1
825 4
826 3
827 2
828 5
829 5
830 3
831 4
832 5
833 5
834 2
835 3
836 4
837 1
838 2
839 1
840 2
841 3
842 3
843 2
844 5
845 3
846 1
847 2
848 2
849 3
850 5
851 1
852 5
853 3
854 5
855 4
856 2
857 1
858 1
859 2
860 4
861 1
862 4
863 4
864 1
865 5
866 2
867 1
868 3
869 4
870 3
871 2
872 4
873 2
874 4
875 1
876 4
877 1
878 1
879 4
880 4
881 3
882 4
883 4
884 1
885 1
886 4
887 2
888 3
889 3
890 5
891 4
892 2
893 4
894 1
895 2
896 3
897 5
898 1
899 5
900 1
901 3
902 1
903 3
904 2
905 3
906 2
907 4
908 3
909 4
910 1
911 5
912 5
913 2
914 1
915 4
916 1
917 1
918 1
919 4
920 5
921 4
922 2
923 2
924 5
925 3
926 3
927 4
928 1
929 3
930 3
931 4
932 1
933 4
934 5
935 3
936 2
937 3
938 1
939 4
940 3
941 1
942 4
943 1
944 2
945 3
946 2
947 3
948 1
949 1
950 5
951 3
952 1
953 2
954 1
955 5
956 4
957 2
958 5
959 5
960 5
961 2
962 1
963 3
964 2
965 4
966 1
967 2
968 5
969 3
970 1
971 2
972 5
973 4
974 3
975 5
976 1
977 3
978 3
979 5
980 3
981 2
982 4
983 5
984 1
985 4
986 4
987 4
988 1
989 1
990 5
991 3
992 5
993 4
994 3
995 3
996 5
997 4
998 1
999 3
1000 5
