3
5
1 4 6 1 2 3 3
2 1 5 6 7 3 7
3 5 8 2 5 10 10
100
1 1
2 4
3 4
4 2
5 2
6 1
7 4
8 2
9 1
10 1
11 4
12 3
13 3
14 3
15 4
16 3
17 5
18 4
19 1
20 4
21 4
22 1
23 1
24 3
25 4
26 3
27 3
28 1
29 3
30 2
31 4
32 5
33 2
34 4
35 5
36 1
37 1
38 3
39 3
40 3
41 5
42 5
43 4
44 2
45 3
46 3
47 3
48 4
49 4
50 1
51 1
52 4
53 5
54 2
55 2
56 4
57 1
58 2
59 1
60 1
61 5
62 3
63 4
64 2
65 3
66 2
67 5
68 2
69 3
70 5
71 3
72 5
73 1
74 4
75 3
76 1
77 5
78 1
79 5
80 2
81 2
82 3
83 1
84 4
85 2
86 2
87 2
88 3
89 3
90 2
91 3
92 4
93 3
94 3
95 5
96 4
97 1
98 3
99 4
100 1
