3
5
1 4 1 10 7 1 6
2 4 1 2 6 10 1
3 4 4 8 4 5 3
500
1 2
2 1
3 1
4 4
5 2
6 3
7 2
8 3
9 4
10 4
11 4
12 5
13 1
14 1
15 1
16 3
17 3
18 5
19 5
20 4
21 2
22 5
23 3
24 5
25 5
26 5
27 3
28 3
29 1
30 5
31 4
32 1
33 2
34 3
35 3
36 5
37 4
38 3
39 2
40 4
41 3
42 4
43 1
44 1
45 2
46 2
47 4
48 2
49 3
50 2
51 1
52 4
53 4
54 4
55 3
56 2
57 3
58 5
59 2
60 4
61 2
62 5
63 3
64 5
65 1
66 5
67 1
68 4
69 1
70 1
71 2
72 5
73 1
74 5
75 2
76 4
77 1
78 4
79 3
80 5
81 5
82 4
83 5
84 3
85 1
86 4
87 4
88 4
89 3
90 5
91 2
92 2
93 3
94 4
95 5
96 2
97 5
98 3
99 5
100 5
101 1
102 2
103 4
104 5
105 3
106 5
107 2
108 1
109 5
110 3
111 4
112 3
113 1
114 5
115 1
116 5
117 2
118 5
119 1
120 5
121 2
122 5
123 2
124 3
125 3
126 5
127 4
128 1
129 4
130 4
131 2
132 4
133 2
134 1
135 3
136 2
137 5
138 4
139 3
140 4
141 1
142 1
143 4
144 5
145 4
146 1
147 5
148 5
149 2
150 2
151 4
152 1
153 4
154 5
155 3
156 4
157 5
158 1
159 4
160 1
161 3
162 2
163 4
164 4
165 2
166 1
167 5
168 3
169 1
170 4
171 1
172 5
173 3
174 3
175 2
176 1
177 2
178 4
179 3
180 2
181 1
182 2
183 5
184 5
185 5
186 1
187 5
188 3
189 5
190 4
191 5
192 4
193 1
194 5
195 3
196 3
197 2
198 1
199 2
200 3
201 5
202 2
203 1
204 1
205 5
206 1
207 4
208 3
209 1
210 2
211 3
212 3
213 3
214 1
215 3
216 5
217 1
218 2
219 5
220 5
221 2
222 4
223 3
224 5
225 2
226 3
227 5
228 1
229 3
230 3
231 2
232 5
233 1
234 1
235 5
236 2
237 4
238 1
239 3
240 5
241 1
242 3
243 4
244 3
245 5
246 3
247 1
248 1
249 3
250 4
251 1
252 2
253 1
254 5
255 3
256 2
257 4
258 5
259 2
260 3
261 1
262 3
263 4
264 4
265 5
266 2
267 2
268 1
269 4
270 3
271 2
272 4
273 3
274 3
275 2
276 1
277 5
278 3
279 2
280 1
281 2
282 2
283 1
284 2
285 5
286 3
287 5
288 4
289 5
290 3
291 3
292 1
293 4
294 3
295 2
296 3
297 1
298 1
299 2
300 2
301 1
302 4
303 2
304 4
305 5
306 3
307 4
308 1
309 3
310 3
311 1
312 1
313 3
314 3
315 2
316 3
317 3
318 2
319 2
320 2
321 2
322 3
323 4
324 1
325 2
326 5
327 5
328 1
329 1
330 5
331 4
332 1
333 2
334 3
335 5
336 5
337 5
338 4
339 1
340 4
341 2
342 5
343 1
344 5
345 3
346 5
347 3
348 1
349 5
350 5
351 2
352 5
353 5
354 4
355 5
356 1
357 2
358 3
359 5
360 3
361 3
362 3
363 2
364 1
365 2
366 5
367 3
368 4
369 4
370 2
371 2
372 2
373 1
374 5
375 3
376 3
377 1
378 5
379 5
380 1
381 3
382 1
383 4
384 4
385 4
386 3
387 5
388 1
389 2
390 3
391 2
392 3
393 2
394 2
395 5
396 2
397 2
398 1
399 5
400 4
401 2
402 5
403 3
404 5
405 5
406 4
407 5
408 3
409 1
410 3
411 1
412 1
413 1
414 5
415 5
416 4
417 5
418 1
419 3
420 1
421 5
422 3
423 3
424 3
425 2
426 1
427 5
428 5
429 2
430 2
431 3
432 2
433 3
434 2
435 4
436 3
437 4
438 5
439 1
440 2
441 5
442 4
443 3
444 3
445 2
446 5
447 1
448 2
449 4
450 3
451 5
452 5
453 2
454 4
455 3
456 2
457 2
458 2
459 2
460 4
461 4
462 3
463 1
464 5
465 5
466 2
467 2
468 2
469 2
470 4
471 2
472 1
473 1
474 3
475 2
476 3
477 1
478 2
479 1
480 1
481 3
482 4
483 2
484 5
485 5
486 1
487 2
488 4
489 5
490 2
491 3
492 1
493 2
494 2
495 2
496 5
497 4
498 3
499 2
500 2
