3
5
1 26 7 3 6 5 3
2 29 5 1 7 6 9
3 19 8 1 2 6 5
10000
1 5
2 4
3 3
4 1
5 5
6 5
7 2
8 4
9 5
10 4
11 5
12 3
13 2
14 4
15 2
16 5
17 3
18 3
19 1
20 4
21 1
22 4
23 3
24 3
25 5
26 1
27 2
28 4
29 2
30 5
31 2
32 4
33 2
34 5
35 4
36 5
37 3
38 3
39 4
40 1
41 3
42 4
43 3
44 4
45 4
46 2
47 2
48 5
49 3
50 4
51 5
52 4
53 4
54 3
55 2
56 1
57 3
58 3
59 3
60 2
61 1
62 4
63 5
64 4
65 4
66 3
67 3
68 2
69 1
70 1
71 4
72 3
73 3
74 3
75 2
76 3
77 2
78 2
79 5
80 2
81 2
82 5
83 2
84 3
85 5
86 1
87 1
88 3
89 3
90 5
91 5
92 2
93 2
94 3
95 5
96 4
97 1
98 1
99 1
100 3
101 3
102 1
103 4
104 4
105 4
106 5
107 5
108 5
109 3
110 2
111 1
112 5
113 3
114 3
115 4
116 4
117 4
118 3
119 4
120 3
121 5
122 3
123 3
124 3
125 3
126 3
127 4
128 1
129 5
130 5
131 2
132 3
133 3
134 3
135 2
136 5
137 2
138 2
139 4
140 4
141 5
142 2
143 3
144 5
145 4
146 2
147 3
148 5
149 4
150 1
151 2
152 1
153 1
154 3
155 1
156 5
157 3
158 2
159 2
160 1
161 2
162 3
163 1
164 3
165 2
166 3
167 1
168 2
169 5
170 5
171 1
172 2
173 3
174 1
175 1
176 1
177 4
178 5
179 1
180 1
181 4
182 4
183 5
184 1
185 1
186 4
187 4
188 4
189 3
190 3
191 5
192 2
193 4
194 2
195 3
196 1
197 3
198 5
199 5
200 5
201 4
202 1
203 4
204 2
205 1
206 4
207 1
208 3
209 4
210 4
211 2
212 5
213 2
214 1
215 3
216 5
217 4
218 5
219 2
220 5
221 5
222 5
223 1
224 4
225 3
226 4
227 2
228 1
229 2
230 3
231 1
232 1
233 3
234 2
235 5
236 2
237 5
238 1
239 2
240 2
241 3
242 1
243 4
244 4
245 4
246 3
247 2
248 4
249 3
250 1
251 4
252 3
253 1
254 2
255 3
256 2
257 4
258 2
259 1
260 2
261 2
262 1
263 4
264 3
265 2
266 2
267 2
268 2
269 1
270 5
271 4
272 4
273 4
274 1
275 2
276 2
277 3
278 5
279 5
280 3
281 1
282 5
283 2
284 1
285 3
286 1
287 1
288 3
289 2
290 5
291 5
292 5
293 5
294 5
295 5
296 2
297 2
298 2
299 1
300 4
301 4
302 5
303 1
304 5
305 5
306 5
307 5
308 4
309 3
310 4
311 5
312 4
313 2
314 2
315 5
316 2
317 4
318 1
319 3
320 3
321 5
322 2
323 1
324 2
325 1
326 4
327 1
328 3
329 4
330 1
331 3
332 2
333 1
334 1
335 4
336 3
337 2
338 2
339 2
340 4
341 1
342 1
343 4
344 4
345 5
346 2
347 1
348 4
349 3
350 4
351 4
352 2
353 1
354 2
355 1
356 1
357 1
358 4
359 5
360 4
361 4
362 4
363 5
364 3
365 2
366 4
367 3
368 2
369 4
370 4
371 5
372 1
373 5
374 3
375 2
376 4
377 5
378 5
379 2
380 1
381 4
382 1
383 5
384 2
385 1
386 4
387 2
388 2
389 4
390 1
391 5
392 3
393 3
394 5
395 5
396 5
397 2
398 1
399 1
400 5
401 2
402 2
403 4
404 2
405 4
406 4
407 2
408 5
409 4
410 5
411 1
412 5
413 5
414 4
415 1
416 4
417 5
418 5
419 1
420 5
421 1
422 3
423 1
424 1
425 4
426 3
427 2
428 5
429 3
430 3
431 3
432 1
433 5
434 2
435 3
436 2
437 3
438 2
439 5
440 1
441 4
442 1
443 2
444 2
445 5
446 4
447 5
448 3
449 5
450 2
451 2
452 4
453 3
454 3
455 1
456 4
457 1
458 4
459 1
460 5
461 3
462 5
463 3
464 3
465 2
466 1
467 1
468 4
469 1
470 4
471 5
472 5
473 4
474 4
475 2
476 5
477 5
478 5
479 3
480 4
481 1
482 1
483 5
484 5
485 3
486 4
487 2
488 5
489 3
490 5
491 2
492 5
493 5
494 1
495 2
496 3
497 2
498 3
499 2
500 3
501 3
502 1
503 4
504 5
505 5
506 2
507 3
508 1
509 1
510 1
511 3
512 2
513 5
514 3
515 4
516 5
517 4
518 2
519 2
520 3
521 3
522 2
523 1
524 1
525 3
526 4
527 1
528 4
529 5
530 3
531 4
532 1
533 3
534 2
535 4
536 2
537 2
538 4
539 3
540 5
541 3
542 3
543 4
544 5
545 5
546 5
547 5
548 4
549 1
550 2
551 3
552 3
553 5
554 1
555 1
556 5
557 3
558 5
559 4
560 5
561 4
562 3
563 5
564 1
565 3
566 5
567 2
568 2
569 4
570 2
571 4
572 2
573 3
574 2
575 1
576 1
577 5
578 3
579 2
580 2
581 4
582 2
583 5
584 3
585 5
586 3
587 5
588 4
589 5
590 3
591 3
592 2
593 4
594 3
595 1
596 2
597 3
598 5
599 3
600 4
601 2
602 1
603 2
604 3
605 2
606 2
607 1
608 3
609 2
610 5
611 1
612 4
613 1
614 1
615 5
616 1
617 5
618 4
619 2
620 1
621 2
622 2
623 3
624 1
625 5
626 5
627 5
628 3
629 5
630 4
631 1
632 1
633 5
634 4
635 3
636 5
637 4
638 4
639 1
640 4
641 4
642 4
643 4
644 4
645 2
646 5
647 3
648 5
649 2
650 1
651 5
652 3
653 2
654 2
655 3
656 5
657 2
658 2
659 4
660 2
661 4
662 3
663 3
664 5
665 3
666 4
667 4
668 1
669 5
670 1
671 1
672 3
673 2
674 1
675 4
676 3
677 3
678 4
679 2
680 4
681 4
682 2
683 2
684 2
685 5
686 1
687 1
688 5
689 5
690 1
691 4
692 1
693 2
694 3
695 4
696 1
697 2
698 4
699 2
700 3
701 5
702 2
703 1
704 2
705 5
706 2
707 4
708 5
709 1
710 5
711 1
712 3
713 2
714 3
715 5
716 1
717 2
718 5
719 1
720 1
721 2
722 2
723 4
724 3
725 5
726 2
727 2
728 2
729 4
730 1
731 4
732 4
733 5
734 2
735 2
736 1
737 2
738 3
739 4
740 1
741 3
742 2
743 3
744 3
745 1
746 5
747 5
748 5
749 3
750 4
751 4
752 1
753 4
754 5
755 1
756 5
757 3
758 5
759 5
760 1
761 4
762 3
763 1
764 3
765 5
766 3
767 3
768 1
769 3
770 3
771 2
772 2
773 1
774 2
775 5
776 1
777 2
778 3
779 3
780 1
781 1
782 3
783 1
784 4
785 5
786 1
787 5
788 2
789 4
790 5
791 1
792 2
793 2
794 5
795 4
796 3
797 5
798 4
799 5
800 1
801 3
802 3
803 4
804 3
805 1
806 1
807 1
808 2
809 1
810 3
811 4
812 2
813 2
814 4
815 3
816 1
817 2
818 3
819 3
820 3
821 4
822 1
823 3
824 2
825 4
826 2
827 3
828 1
829 3
830 5
831 4
832 5
833 1
834 3
835 5
836 2
837 5
838 2
839 4
840 5
841 3
842 3
843 3
844 1
845 4
846 5
847 3
848 1
849 2
850 3
851 5
852 2
853 3
854 2
855 3
856 2
857 5
858 5
859 5
860 4
861 1
862 5
863 3
864 5
865 1
866 4
867 2
868 1
869 1
870 2
871 4
872 3
873 5
874 3
875 1
876 2
877 5
878 5
879 5
880 1
881 4
882 1
883 4
884 5
885 1
886 4
887 4
888 4
889 4
890 1
891 1
892 5
893 2
894 5
895 1
896 3
897 4
898 5
899 1
900 2
901 4
902 2
903 4
904 3
905 2
906 5
907 4
908 5
909 3
910 1
911 4
912 2
913 1
914 4
915 1
916 4
917 5
918 4
919 5
920 3
921 2
922 5
923 1
924 3
925 2
926 3
927 2
928 1
929 4
930 1
931 4
932 2
933 4
934 1
935 2
936 3
937 1
938 1
939 3
940 5
941 3
942 2
943 2
944 1
945 5
946 3
947 5
948 1
949 3
950 2
951 3
952 1
953 3
954 3
955 3
956 3
957 2
958 3
959 2
960 4
961 1
962 4
963 2
964 1
965 5
966 5
967 2
968 4
969 3
970 5
971 3
972 5
973 1
974 2
975 5
976 3
977 5
978 1
979 5
980 5
981 1
982 1
983 1
984 1
985 1
986 1
987 2
988 3
989 2
990 2
991 3
992 5
993 3
994 5
995 3
996 1
997 3
998 5
999 3
1000 2
1001 1
1002 3
1003 4
1004 3
1005 2
1006 3
1007 3
1008 5
1009 1
1010 3
1011 5
1012 1
1013 3
1014 5
1015 5
1016 2
1017 5
1018 3
1019 4
1020 1
1021 2
1022 5
1023 3
1024 4
1025 3
1026 4
1027 4
1028 5
1029 3
1030 1
1031 5
1032 3
1033 3
1034 1
1035 3
1036 5
1037 4
1038 3
1039 5
1040 2
1041 1
1042 1
1043 2
1044 2
1045 3
1046 4
1047 3
1048 3
1049 5
1050 3
1051 1
1052 3
1053 3
1054 4
1055 5
1056 1
1057 1
1058 4
1059 3
1060 4
1061 1
1062 2
1063 4
1064 2
1065 5
1066 3
1067 1
1068 1
1069 2
1070 3
1071 2
1072 4
1073 4
1074 1
1075 4
1076 5
1077 4
1078 4
1079 2
1080 4
1081 3
1082 5
1083 5
1084 4
1085 3
1086 1
1087 3
1088 3
1089 5
1090 5
1091 5
1092 3
1093 3
1094 4
1095 4
1096 2
1097 5
1098 4
1099 1
1100 5
1101 2
1102 1
1103 5
1104 3
1105 3
1106 1
1107 1
1108 1
1109 1
1110 3
1111 3
1112 2
1113 1
1114 2
1115 5
1116 3
1117 4
1118 5
1119 1
1120 2
1121 4
1122 2
1123 4
1124 4
1125 1
1126 5
1127 1
1128 4
1129 2
1130 3
1131 4
1132 4
1133 1
1134 2
1135 5
1136 1
1137 2
1138 4
1139 4
1140 3
1141 4
1142 5
1143 2
1144 5
1145 2
1146 5
1147 5
1148 4
1149 4
1150 2
1151 5
1152 5
1153 3
1154 5
1155 5
1156 5
1157 4
1158 5
1159 3
1160 1
1161 4
1162 1
1163 1
1164 5
1165 1
1166 5
1167 2
1168 5
1169 5
1170 3
1171 4
1172 4
1173 5
1174 1
1175 1
1176 2
1177 3
1178 5
1179 4
1180 3
1181 3
1182 5
1183 4
1184 3
1185 2
1186 4
1187 2
1188 2
1189 5
1190 4
1191 1
1192 1
1193 2
1194 2
1195 5
1196 3
1197 3
1198 4
1199 1
1200 1
1201 5
1202 3
1203 3
1204 3
1205 3
1206 3
1207 2
1208 2
1209 1
1210 3
1211 1
1212 4
1213 5
1214 3
1215 2
1216 4
1217 2
1218 1
1219 3
1220 5
1221 4
1222 4
1223 5
1224 3
1225 2
1226 3
1227 2
1228 2
1229 5
1230 2
1231 4
1232 4
1233 2
1234 3
1235 1
1236 1
1237 2
1238 5
1239 4
1240 1
1241 3
1242 5
1243 3
1244 1
1245 5
1246 1
1247 5
1248 3
1249 3
1250 4
1251 5
1252 5
1253 4
1254 4
1255 5
1256 3
1257 4
1258 1
1259 5
1260 3
1261 4
1262 5
1263 5
1264 3
1265 5
1266 5
1267 3
1268 1
1269 2
1270 1
1271 3
1272 3
1273 5
1274 2
1275 4
1276 3
1277 3
1278 1
1279 5
1280 3
1281 5
1282 2
1283 5
1284 4
1285 5
1286 2
1287 3
1288 5
1289 2
1290 5
1291 5
1292 5
1293 4
1294 4
1295 2
1296 5
1297 5
1298 5
1299 3
1300 5
1301 4
1302 5
1303 1
1304 5
1305 5
1306 5
1307 3
1308 4
1309 2
1310 1
1311 2
1312 4
1313 4
1314 1
1315 3
1316 4
1317 3
1318 2
1319 1
1320 4
1321 3
1322 2
1323 1
1324 5
1325 3
1326 2
1327 3
1328 5
1329 1
1330 4
1331 1
1332 4
1333 2
1334 2
1335 5
1336 1
1337 5
1338 1
1339 5
1340 4
1341 1
1342 2
1343 1
1344 4
1345 4
1346 4
1347 4
1348 2
1349 4
1350 3
1351 3
1352 3
1353 2
1354 5
1355 1
1356 4
1357 1
1358 3
1359 3
1360 3
1361 1
1362 1
1363 2
1364 4
1365 2
1366 3
1367 4
1368 4
1369 5
1370 2
1371 3
1372 3
1373 2
1374 2
1375 4
1376 2
1377 5
1378 4
1379 3
1380 1
1381 2
1382 4
1383 5
1384 1
1385 2
1386 3
1387 3
1388 3
1389 5
1390 1
1391 1
1392 1
1393 4
1394 4
1395 5
1396 5
1397 4
1398 1
1399 3
1400 2
1401 2
1402 2
1403 3
1404 3
1405 1
1406 4
1407 2
1408 5
1409 4
1410 5
1411 3
1412 4
1413 4
1414 4
1415 4
1416 4
1417 4
1418 5
1419 5
1420 1
1421 1
1422 4
1423 1
1424 1
1425 4
1426 4
1427 3
1428 5
1429 1
1430 5
1431 3
1432 4
1433 1
1434 2
1435 2
1436 5
1437 2
1438 1
1439 3
1440 5
1441 1
1442 4
1443 2
1444 2
1445 4
1446 3
1447 2
1448 2
1449 1
1450 3
1451 1
1452 5
1453 1
1454 2
1455 2
1456 2
1457 3
1458 3
1459 5
1460 4
1461 1
1462 4
1463 3
1464 1
1465 2
1466 3
1467 4
1468 1
1469 1
1470 1
1471 2
1472 2
1473 1
1474 3
1475 5
1476 1
1477 5
1478 2
1479 4
1480 4
1481 4
1482 2
1483 1
1484 1
1485 1
1486 4
1487 2
1488 2
1489 5
1490 5
1491 4
1492 1
1493 1
1494 4
1495 4
1496 2
1497 4
1498 3
1499 5
1500 2
1501 1
1502 3
1503 1
1504 3
1505 3
1506 5
1507 3
1508 2
1509 3
1510 5
1511 4
1512 5
1513 3
1514 3
1515 2
1516 2
1517 5
1518 1
1519 5
1520 1
1521 2
1522 4
1523 5
1524 1
1525 3
1526 3
1527 3
1528 4
1529 5
1530 3
1531 2
1532 2
1533 2
1534 4
1535 5
1536 1
1537 5
1538 3
1539 1
1540 1
1541 1
1542 1
1543 3
1544 2
1545 5
1546 3
1547 4
1548 5
1549 4
1550 4
1551 4
1552 4
1553 1
1554 4
1555 2
1556 3
1557 4
1558 4
1559 4
1560 4
1561 1
1562 3
1563 5
1564 1
1565 2
1566 4
1567 2
1568 4
1569 5
1570 5
1571 5
1572 3
1573 4
1574 1
1575 4
1576 2
1577 5
1578 5
1579 1
1580 3
1581 4
1582 2
1583 1
1584 3
1585 1
1586 3
1587 3
1588 5
1589 2
1590 4
1591 4
1592 2
1593 1
1594 5
1595 1
1596 2
1597 5
1598 2
1599 1
1600 5
1601 4
1602 3
1603 1
1604 1
1605 1
1606 2
1607 2
1608 5
1609 4
1610 4
1611 4
1612 4
1613 2
1614 4
1615 2
1616 3
1617 4
1618 3
1619 5
1620 4
1621 5
1622 5
1623 4
1624 4
1625 1
1626 5
1627 1
1628 5
1629 4
1630 4
1631 5
1632 3
1633 3
1634 4
1635 3
1636 2
1637 2
1638 4
1639 4
1640 5
1641 2
1642 5
1643 2
1644 2
1645 3
1646 5
1647 2
1648 1
1649 2
1650 1
1651 2
1652 3
1653 1
1654 3
1655 5
1656 5
1657 3
1658 1
1659 2
1660 5
1661 2
1662 2
1663 5
1664 5
1665 3
1666 5
1667 2
1668 2
1669 1
1670 3
1671 3
1672 3
1673 3
1674 3
1675 1
1676 5
1677 4
1678 5
1679 1
1680 5
1681 3
1682 3
1683 4
1684 4
1685 4
1686 1
1687 5
1688 1
1689 3
1690 3
1691 1
1692 5
1693 4
1694 2
1695 1
1696 2
1697 4
1698 5
1699 4
1700 4
1701 5
1702 2
1703 1
1704 3
1705 4
1706 3
1707 1
1708 1
1709 5
1710 5
1711 2
1712 3
1713 1
1714 3
1715 3
1716 3
1717 3
1718 3
1719 2
1720 4
1721 3
1722 5
1723 2
1724 3
1725 4
1726 3
1727 1
1728 1
1729 2
1730 1
1731 5
1732 5
1733 4
1734 1
1735 2
1736 5
1737 5
1738 3
1739 4
1740 4
1741 1
1742 2
1743 2
1744 1
1745 3
1746 1
1747 3
1748 1
1749 4
1750 1
1751 5
1752 2
1753 2
1754 3
1755 3
1756 1
1757 4
1758 5
1759 4
1760 4
1761 5
1762 4
1763 1
1764 5
1765 5
1766 2
1767 5
1768 2
1769 5
1770 2
1771 3
1772 4
1773 4
1774 1
1775 2
1776 2
1777 1
1778 5
1779 2
1780 3
1781 3
1782 3
1783 4
1784 3
1785 2
1786 2
1787 5
1788 1
1789 1
1790 4
1791 1
1792 4
1793 5
1794 4
1795 3
1796 3
1797 5
1798 3
1799 3
1800 3
1801 1
1802 4
1803 1
1804 2
1805 4
1806 5
1807 3
1808 5
1809 2
1810 2
1811 3
1812 2
1813 3
1814 4
1815 2
1816 4
1817 4
1818 3
1819 5
1820 3
1821 1
1822 2
1823 1
1824 3
1825 5
1826 2
1827 1
1828 4
1829 3
1830 5
1831 1
1832 4
1833 2
1834 5
1835 1
1836 1
1837 5
1838 2
1839 1
1840 1
1841 2
1842 1
1843 3
1844 4
1845 3
1846 5
1847 5
1848 5
1849 2
1850 1
1851 4
1852 2
1853 1
1854 2
1855 1
1856 3
1857 3
1858 4
1859 5
1860 4
1861 4
1862 1
1863 5
1864 1
1865 1
1866 1
1867 4
1868 5
1869 3
1870 4
1871 3
1872 3
1873 2
1874 5
1875 5
1876 4
1877 2
1878 2
1879 5
1880 3
1881 1
1882 4
1883 2
1884 2
1885 3
1886 5
1887 1
1888 4
1889 3
1890 5
1891 4
1892 1
1893 2
1894 3
1895 3
1896 2
1897 3
1898 5
1899 4
1900 1
1901 1
1902 4
1903 3
1904 3
1905 5
1906 4
1907 3
1908 3
1909 4
1910 5
1911 2
1912 4
1913 4
1914 3
1915 1
1916 4
1917 1
1918 1
1919 3
1920 4
1921 3
1922 1
1923 1
1924 4
1925 2
1926 3
1927 5
1928 5
1929 2
1930 2
1931 4
1932 5
1933 2
1934 3
1935 5
1936 5
1937 2
1938 2
1939 4
1940 5
1941 4
1942 4
1943 4
1944 3
1945 3
1946 4
1947 2
1948 4
1949 4
1950 3
1951 3
1952 2
1953 2
1954 2
1955 4
1956 5
1957 3
1958 2
1959 2
1960 4
1961 4
1962 3
1963 3
1964 4
1965 2
1966 3
1967 3
1968 1
1969 1
1970 3
1971 3
1972 2
1973 1
1974 5
1975 2
1976 3
1977 4
1978 5
1979 2
1980 2
1981 5
1982 2
1983 5
1984 3
1985 3
1986 1
1987 5
1988 2
1989 5
1990 2
1991 5
1992 2
1993 1
1994 5
1995 2
1996 1
1997 2
1998 2
1999 2
2000 4
2001 1
2002 1
2003 2
2004 4
2005 5
2006 4
2007 1
2008 3
2009 4
2010 3
2011 1
2012 3
2013 3
2014 1
2015 3
2016 1
2017 1
2018 5
2019 1
2020 1
2021 2
2022 5
2023 2
2024 5
2025 2
2026 1
2027 2
2028 5
2029 4
2030 1
2031 5
2032 5
2033 4
2034 5
2035 3
2036 2
2037 1
2038 5
2039 4
2040 1
2041 1
2042 2
2043 1
2044 4
2045 2
2046 1
2047 2
2048 4
2049 3
2050 5
2051 1
2052 5
2053 2
2054 5
2055 1
2056 1
2057 4
2058 1
2059 5
2060 2
2061 1
2062 5
2063 3
2064 4
2065 3
2066 1
2067 4
2068 4
2069 2
2070 5
2071 4
2072 2
2073 3
2074 4
2075 2
2076 4
2077 1
2078 2
2079 2
2080 1
2081 1
2082 5
2083 2
2084 2
2085 3
2086 4
2087 5
2088 2
2089 5
2090 5
2091 4
2092 4
2093 5
2094 1
2095 2
2096 5
2097 5
2098 1
2099 5
2100 4
2101 2
2102 5
2103 3
2104 2
2105 4
2106 2
2107 1
2108 1
2109 5
2110 3
2111 3
2112 1
2113 5
2114 4
2115 2
2116 2
2117 3
2118 2
2119 1
2120 3
2121 1
2122 4
2123 2
2124 3
2125 1
2126 3
2127 4
2128 4
2129 4
2130 3
2131 2
2132 1
2133 2
2134 4
2135 5
2136 1
2137 3
2138 2
2139 4
2140 1
2141 2
2142 1
2143 2
2144 5
2145 4
2146 4
2147 4
2148 4
2149 3
2150 4
2151 4
2152 5
2153 3
2154 5
2155 5
2156 4
2157 2
2158 2
2159 4
2160 5
2161 2
2162 3
2163 5
2164 2
2165 2
2166 5
2167 3
2168 3
2169 3
2170 1
2171 5
2172 2
2173 5
2174 5
2175 4
2176 3
2177 3
2178 1
2179 2
2180 5
2181 1
2182 2
2183 2
2184 1
2185 4
2186 5
2187 5
2188 1
2189 2
2190 2
2191 2
2192 4
2193 4
2194 5
2195 4
2196 5
2197 1
2198 4
2199 5
2200 3
2201 3
2202 1
2203 2
2204 3
2205 5
2206 2
2207 2
2208 5
2209 2
2210 3
2211 5
2212 4
2213 1
2214 4
2215 2
2216 1
2217 4
2218 4
2219 3
2220 2
2221 2
2222 3
2223 2
2224 4
2225 3
2226 4
2227 2
2228 1
2229 4
2230 5
2231 2
2232 1
2233 3
2234 1
2235 2
2236 4
2237 1
2238 4
2239 4
2240 4
2241 2
2242 1
2243 5
2244 4
2245 1
2246 4
2247 2
2248 4
2249 3
2250 2
2251 1
2252 3
2253 4
2254 2
2255 5
2256 2
2257 2
2258 5
2259 5
2260 4
2261 4
2262 2
2263 4
2264 2
2265 2
2266 3
2267 1
2268 4
2269 4
2270 2
2271 1
2272 2
2273 2
2274 5
2275 1
2276 4
2277 2
2278 3
2279 1
2280 4
2281 1
2282 4
2283 1
2284 5
2285 1
2286 2
2287 5
2288 5
2289 1
2290 4
2291 5
2292 1
2293 5
2294 4
2295 4
2296 5
2297 5
2298 1
2299 3
2300 4
2301 2
2302 5
2303 1
2304 4
2305 2
2306 3
2307 2
2308 5
2309 1
2310 2
2311 1
2312 4
2313 1
2314 1
2315 1
2316 1
2317 4
2318 5
2319 1
2320 5
2321 5
2322 5
2323 4
2324 3
2325 2
2326 3
2327 1
2328 3
2329 5
2330 3
2331 2
2332 4
2333 4
2334 4
2335 1
2336 2
2337 3
2338 5
2339 1
2340 1
2341 2
2342 5
2343 2
2344 3
2345 2
2346 3
2347 1
2348 5
2349 3
2350 3
2351 1
2352 3
2353 4
2354 2
2355 2
2356 4
2357 4
2358 4
2359 3
2360 5
2361 3
2362 5
2363 5
2364 5
2365 3
2366 2
2367 2
2368 3
2369 1
2370 5
2371 1
2372 2
2373 2
2374 4
2375 2
2376 4
2377 4
2378 3
2379 1
2380 5
2381 1
2382 5
2383 3
2384 2
2385 5
2386 3
2387 3
2388 5
2389 5
2390 2
2391 3
2392 1
2393 3
2394 3
2395 1
2396 5
2397 3
2398 4
2399 3
2400 5
2401 4
2402 4
2403 3
2404 3
2405 4
2406 2
2407 4
2408 2
2409 4
2410 1
2411 4
2412 4
2413 1
2414 1
2415 3
2416 3
2417 2
2418 3
2419 5
2420 3
2421 4
2422 2
2423 5
2424 2
2425 1
2426 2
2427 5
2428 3
2429 3
2430 5
2431 2
2432 3
2433 4
2434 4
2435 5
2436 3
2437 1
2438 2
2439 5
2440 4
2441 4
2442 1
2443 5
2444 3
2445 2
2446 2
2447 5
2448 1
2449 2
2450 5
2451 2
2452 1
2453 3
2454 2
2455 1
2456 4
2457 5
2458 2
2459 5
2460 5
2461 5
2462 5
2463 5
2464 3
2465 4
2466 3
2467 5
2468 2
2469 4
2470 2
2471 2
2472 2
2473 5
2474 3
2475 3
2476 5
2477 4
2478 4
2479 4
2480 5
2481 4
2482 4
2483 1
2484 1
2485 2
2486 2
2487 3
2488 2
2489 1
2490 1
2491 4
2492 1
2493 2
2494 2
2495 1
2496 2
2497 4
2498 5
2499 3
2500 4
2501 4
2502 3
2503 2
2504 1
2505 4
2506 5
2507 4
2508 4
2509 3
2510 2
2511 5
2512 3
2513 3
2514 1
2515 5
2516 1
2517 2
2518 2
2519 5
2520 3
2521 2
2522 5
2523 4
2524 4
2525 3
2526 5
2527 3
2528 2
2529 1
2530 4
2531 4
2532 4
2533 4
2534 5
2535 5
2536 5
2537 4
2538 1
2539 1
2540 5
2541 2
2542 5
2543 1
2544 4
2545 1
2546 5
2547 3
2548 3
2549 5
2550 2
2551 1
2552 2
2553 4
2554 5
2555 4
2556 3
2557 1
2558 3
2559 4
2560 3
2561 3
2562 2
2563 5
2564 3
2565 4
2566 5
2567 5
2568 3
2569 4
2570 3
2571 5
2572 1
2573 5
2574 4
2575 2
2576 2
2577 2
2578 3
2579 1
2580 2
2581 4
2582 4
2583 3
2584 3
2585 3
2586 4
2587 2
2588 4
2589 3
2590 5
2591 4
2592 5
2593 5
2594 3
2595 3
2596 5
2597 3
2598 3
2599 2
2600 3
2601 4
2602 3
2603 3
2604 5
2605 1
2606 2
2607 1
2608 5
2609 3
2610 3
2611 5
2612 2
2613 1
2614 4
2615 5
2616 5
2617 1
2618 2
2619 5
2620 2
2621 4
2622 3
2623 3
2624 1
2625 3
2626 1
2627 2
2628 5
2629 3
2630 2
2631 4
2632 4
2633 4
2634 4
2635 2
2636 5
2637 1
2638 1
2639 5
2640 4
2641 2
2642 2
2643 1
2644 2
2645 4
2646 2
2647 2
2648 3
2649 5
2650 3
2651 1
2652 3
2653 4
2654 5
2655 4
2656 5
2657 1
2658 2
2659 3
2660 1
2661 5
2662 1
2663 2
2664 3
2665 1
2666 1
2667 4
2668 5
2669 1
2670 2
2671 1
2672 5
2673 2
2674 4
2675 3
2676 5
2677 1
2678 1
2679 3
2680 1
2681 2
2682 1
2683 5
2684 5
2685 3
2686 5
2687 1
2688 1
2689 3
2690 4
2691 1
2692 2
2693 4
2694 2
2695 5
2696 5
2697 3
2698 3
2699 4
2700 2
2701 3
2702 5
2703 1
2704 4
2705 2
2706 2
2707 5
2708 2
2709 2
2710 5
2711 4
2712 2
2713 1
2714 4
2715 4
2716 2
2717 5
2718 4
2719 1
2720 2
2721 5
2722 4
2723 1
2724 4
2725 2
2726 2
2727 5
2728 1
2729 5
2730 4
2731 4
2732 4
2733 5
2734 5
2735 4
2736 3
2737 4
2738 3
2739 2
2740 5
2741 3
2742 4
2743 4
2744 4
2745 3
2746 5
2747 5
2748 3
2749 1
2750 4
2751 3
2752 5
2753 5
2754 5
2755 1
2756 5
2757 3
2758 3
2759 1
2760 3
2761 5
2762 1
2763 2
2764 2
2765 3
2766 4
2767 4
2768 2
2769 2
2770 5
2771 2
2772 1
2773 3
2774 3
2775 1
2776 2
2777 1
2778 1
2779 5
2780 3
2781 2
2782 3
2783 2
2784 1
2785 4
2786 5
2787 4
2788 5
2789 4
2790 4
2791 5
2792 3
2793 4
2794 4
2795 4
2796 3
2797 5
2798 4
2799 5
2800 1
2801 5
2802 1
2803 5
2804 5
2805 2
2806 2
2807 5
2808 1
2809 5
2810 1
2811 2
2812 4
2813 1
2814 1
2815 4
2816 4
2817 4
2818 3
2819 3
2820 4
2821 1
2822 5
2823 4
2824 2
2825 1
2826 2
2827 1
2828 2
2829 5
2830 4
2831 1
2832 2
2833 5
2834 5
2835 4
2836 3
2837 4
2838 5
2839 3
2840 2
2841 3
2842 2
2843 3
2844 4
2845 5
2846 3
2847 4
2848 2
2849 3
2850 4
2851 3
2852 5
2853 4
2854 2
2855 1
2856 4
2857 1
2858 4
2859 3
2860 3
2861 4
2862 2
2863 5
2864 1
2865 4
2866 5
2867 5
2868 2
2869 5
2870 2
2871 2
2872 5
2873 5
2874 4
2875 3
2876 4
2877 1
2878 5
2879 2
2880 4
2881 5
2882 4
2883 5
2884 1
2885 5
2886 1
2887 2
2888 2
2889 4
2890 3
2891 2
2892 2
2893 2
2894 2
2895 2
2896 4
2897 5
2898 2
2899 4
2900 2
2901 1
2902 1
2903 3
2904 4
2905 1
2906 5
2907 3
2908 1
2909 3
2910 2
2911 3
2912 4
2913 5
2914 5
2915 2
2916 4
2917 4
2918 2
2919 3
2920 3
2921 1
2922 2
2923 2
2924 5
2925 4
2926 3
2927 1
2928 2
2929 2
2930 2
2931 3
2932 4
2933 2
2934 5
2935 3
2936 1
2937 5
2938 3
2939 2
2940 4
2941 2
2942 3
2943 5
2944 3
2945 4
2946 1
2947 5
2948 1
2949 3
2950 1
2951 1
2952 4
2953 2
2954 5
2955 3
2956 5
2957 2
2958 3
2959 3
2960 1
2961 3
2962 3
2963 5
2964 4
2965 1
2966 3
2967 3
2968 4
2969 2
2970 2
2971 1
2972 5
2973 3
2974 5
2975 1
2976 2
2977 5
2978 4
2979 5
2980 5
2981 2
2982 5
2983 3
2984 4
2985 5
2986 1
2987 4
2988 4
2989 5
2990 2
2991 4
2992 1
2993 4
2994 5
2995 1
2996 4
2997 3
2998 3
2999 1
3000 3
3001 3
3002 2
3003 5
3004 2
3005 1
3006 5
3007 1
3008 4
3009 4
3010 5
3011 3
3012 5
3013 2
3014 2
3015 1
3016 1
3017 1
3018 5
3019 5
3020 3
3021 5
3022 5
3023 5
3024 2
3025 1
3026 5
3027 1
3028 4
3029 1
3030 2
3031 4
3032 3
3033 3
3034 1
3035 3
3036 5
3037 1
3038 4
3039 3
3040 1
3041 3
3042 1
3043 3
3044 4
3045 4
3046 5
3047 1
3048 4
3049 5
3050 4
3051 1
3052 2
3053 3
3054 5
3055 1
3056 1
3057 1
3058 2
3059 4
3060 3
3061 4
3062 4
3063 2
3064 3
3065 3
3066 3
3067 5
3068 3
3069 3
3070 5
3071 1
3072 5
3073 4
3074 4
3075 3
3076 2
3077 1
3078 3
3079 1
3080 4
3081 2
3082 5
3083 2
3084 1
3085 1
3086 4
3087 2
3088 1
3089 1
3090 4
3091 4
3092 2
3093 4
3094 4
3095 1
3096 1
3097 3
3098 2
3099 1
3100 2
3101 5
3102 4
3103 2
3104 4
3105 4
3106 4
3107 1
3108 3
3109 4
3110 3
3111 2
3112 4
3113 2
3114 2
3115 1
3116 4
3117 2
3118 5
3119 5
3120 1
3121 4
3122 1
3123 3
3124 5
3125 2
3126 2
3127 3
3128 1
3129 5
3130 1
3131 1
3132 5
3133 3
3134 5
3135 4
3136 1
3137 1
3138 5
3139 2
3140 3
3141 3
3142 4
3143 3
3144 2
3145 2
3146 5
3147 3
3148 2
3149 1
3150 5
3151 4
3152 4
3153 5
3154 1
3155 1
3156 1
3157 1
3158 1
3159 3
3160 2
3161 1
3162 5
3163 3
3164 4
3165 1
3166 2
3167 5
3168 3
3169 3
3170 5
3171 2
3172 4
3173 1
3174 3
3175 2
3176 3
3177 3
3178 3
3179 3
3180 2
3181 4
3182 5
3183 5
3184 3
3185 5
3186 3
3187 4
3188 4
3189 4
3190 2
3191 3
3192 4
3193 5
3194 2
3195 5
3196 4
3197 3
3198 3
3199 3
3200 1
3201 1
3202 2
3203 1
3204 5
3205 1
3206 2
3207 1
3208 2
3209 1
3210 2
3211 2
3212 3
3213 1
3214 5
3215 3
3216 3
3217 4
3218 4
3219 2
3220 3
3221 1
3222 2
3223 2
3224 5
3225 5
3226 2
3227 5
3228 5
3229 3
3230 3
3231 3
3232 1
3233 2
3234 2
3235 5
3236 2
3237 3
3238 2
3239 4
3240 2
3241 2
3242 4
3243 4
3244 5
3245 5
3246 5
3247 2
3248 2
3249 4
3250 2
3251 2
3252 4
3253 3
3254 4
3255 1
3256 2
3257 2
3258 2
3259 3
3260 3
3261 3
3262 2
3263 4
3264 5
3265 3
3266 1
3267 5
3268 3
3269 1
3270 5
3271 1
3272 5
3273 4
3274 1
3275 2
3276 1
3277 1
3278 5
3279 2
3280 4
3281 5
3282 2
3283 2
3284 2
3285 4
3286 4
3287 3
3288 3
3289 1
3290 3
3291 5
3292 2
3293 5
3294 5
3295 3
3296 2
3297 5
3298 5
3299 1
3300 3
3301 4
3302 4
3303 1
3304 4
3305 2
3306 5
3307 3
3308 3
3309 4
3310 4
3311 1
3312 4
3313 1
3314 4
3315 1
3316 5
3317 3
3318 1
3319 2
3320 3
3321 3
3322 4
3323 4
3324 4
3325 2
3326 4
3327 4
3328 1
3329 3
3330 3
3331 3
3332 2
3333 1
3334 2
3335 1
3336 3
3337 5
3338 4
3339 4
3340 1
3341 2
3342 4
3343 2
3344 5
3345 3
3346 2
3347 5
3348 3
3349 2
3350 1
3351 2
3352 3
3353 2
3354 4
3355 5
3356 2
3357 1
3358 4
3359 2
3360 4
3361 1
3362 1
3363 4
3364 3
3365 2
3366 4
3367 4
3368 2
3369 1
3370 3
3371 3
3372 5
3373 4
3374 1
3375 5
3376 4
3377 1
3378 3
3379 4
3380 2
3381 3
3382 2
3383 4
3384 5
3385 3
3386 2
3387 1
3388 3
3389 2
3390 2
3391 3
3392 5
3393 3
3394 4
3395 4
3396 1
3397 1
3398 5
3399 4
3400 3
3401 2
3402 3
3403 4
3404 2
3405 5
3406 3
3407 1
3408 5
3409 2
3410 5
3411 5
3412 2
3413 5
3414 2
3415 1
3416 3
3417 2
3418 1
3419 1
3420 1
3421 5
3422 4
3423 5
3424 2
3425 1
3426 4
3427 1
3428 2
3429 1
3430 1
3431 4
3432 4
3433 5
3434 1
3435 4
3436 3
3437 1
3438 3
3439 3
3440 4
3441 4
3442 4
3443 4
3444 4
3445 2
3446 4
3447 3
3448 3
3449 2
3450 1
3451 1
3452 1
3453 5
3454 5
3455 5
3456 3
3457 3
3458 3
3459 5
3460 4
3461 2
3462 1
3463 2
3464 1
3465 5
3466 1
3467 1
3468 2
3469 4
3470 1
3471 4
3472 4
3473 5
3474 2
3475 1
3476 5
3477 3
3478 4
3479 2
3480 3
3481 1
3482 5
3483 1
3484 2
3485 1
3486 3
3487 1
3488 3
3489 1
3490 5
3491 1
3492 4
3493 2
3494 4
3495 3
3496 2
3497 4
3498 2
3499 3
3500 2
3501 1
3502 5
3503 4
3504 2
3505 3
3506 4
3507 2
3508 4
3509 5
3510 3
3511 5
3512 2
3513 5
3514 5
3515 5
3516 1
3517 3
3518 2
3519 5
3520 5
3521 5
3522 5
3523 3
3524 5
3525 3
3526 5
3527 4
3528 1
3529 3
3530 4
3531 4
3532 3
3533 5
3534 4
3535 4
3536 4
3537 3
3538 2
3539 5
3540 3
3541 5
3542 4
3543 4
3544 4
3545 4
3546 5
3547 2
3548 3
3549 3
3550 2
3551 3
3552 2
3553 1
3554 2
3555 5
3556 3
3557 1
3558 5
3559 4
3560 3
3561 5
3562 2
3563 4
3564 5
3565 5
3566 5
3567 1
3568 1
3569 3
3570 4
3571 5
3572 1
3573 3
3574 5
3575 2
3576 1
3577 2
3578 1
3579 5
3580 5
3581 1
3582 5
3583 4
3584 4
3585 4
3586 3
3587 2
3588 2
3589 3
3590 1
3591 5
3592 2
3593 3
3594 3
3595 3
3596 3
3597 1
3598 4
3599 1
3600 1
3601 2
3602 3
3603 5
3604 3
3605 4
3606 4
3607 1
3608 1
3609 4
3610 4
3611 4
3612 3
3613 1
3614 1
3615 1
3616 5
3617 2
3618 5
3619 4
3620 5
3621 4
3622 1
3623 1
3624 2
3625 3
3626 3
3627 1
3628 5
3629 2
3630 3
3631 2
3632 3
3633 4
3634 1
3635 5
3636 1
3637 1
3638 1
3639 3
3640 5
3641 4
3642 4
3643 2
3644 3
3645 1
3646 1
3647 4
3648 3
3649 3
3650 2
3651 4
3652 5
3653 2
3654 1
3655 4
3656 2
3657 4
3658 1
3659 4
3660 3
3661 3
3662 1
3663 1
3664 4
3665 4
3666 2
3667 2
3668 3
3669 5
3670 1
3671 2
3672 3
3673 1
3674 5
3675 2
3676 2
3677 3
3678 1
3679 1
3680 2
3681 2
3682 4
3683 4
3684 3
3685 5
3686 4
3687 3
3688 5
3689 1
3690 3
3691 2
3692 1
3693 2
3694 1
3695 1
3696 1
3697 1
3698 5
3699 1
3700 3
3701 2
3702 4
3703 5
3704 4
3705 4
3706 3
3707 4
3708 2
3709 4
3710 1
3711 4
3712 5
3713 1
3714 2
3715 5
3716 2
3717 1
3718 5
3719 3
3720 3
3721 2
3722 5
3723 1
3724 5
3725 5
3726 2
3727 3
3728 2
3729 2
3730 2
3731 4
3732 3
3733 2
3734 4
3735 2
3736 2
3737 2
3738 2
3739 2
3740 3
3741 1
3742 5
3743 5
3744 1
3745 4
3746 4
3747 5
3748 3
3749 5
3750 1
3751 3
3752 3
3753 1
3754 3
3755 4
3756 3
3757 4
3758 1
3759 1
3760 1
3761 3
3762 5
3763 1
3764 3
3765 1
3766 1
3767 3
3768 2
3769 5
3770 4
3771 1
3772 1
3773 1
3774 3
3775 2
3776 2
3777 3
3778 1
3779 2
3780 3
3781 5
3782 5
3783 3
3784 4
3785 3
3786 3
3787 3
3788 4
3789 1
3790 2
3791 1
3792 1
3793 2
3794 4
3795 5
3796 3
3797 4
3798 3
3799 5
3800 5
3801 1
3802 4
3803 2
3804 2
3805 4
3806 4
3807 2
3808 5
3809 3
3810 1
3811 4
3812 2
3813 4
3814 3
3815 5
3816 3
3817 2
3818 1
3819 3
3820 4
3821 2
3822 3
3823 4
3824 4
3825 2
3826 1
3827 5
3828 5
3829 4
3830 1
3831 5
3832 3
3833 2
3834 2
3835 4
3836 2
3837 4
3838 4
3839 1
3840 3
3841 5
3842 2
3843 5
3844 2
3845 3
3846 4
3847 2
3848 1
3849 2
3850 3
3851 4
3852 2
3853 3
3854 4
3855 3
3856 4
3857 1
3858 1
3859 4
3860 2
3861 3
3862 4
3863 2
3864 3
3865 5
3866 4
3867 5
3868 5
3869 5
3870 4
3871 5
3872 5
3873 3
3874 5
3875 3
3876 3
3877 4
3878 2
3879 5
3880 4
3881 3
3882 3
3883 4
3884 3
3885 4
3886 5
3887 3
3888 1
3889 2
3890 1
3891 2
3892 4
3893 5
3894 1
3895 3
3896 2
3897 4
3898 5
3899 5
3900 1
3901 4
3902 2
3903 5
3904 1
3905 1
3906 1
3907 3
3908 1
3909 4
3910 5
3911 3
3912 5
3913 3
3914 3
3915 3
3916 2
3917 1
3918 2
3919 4
3920 1
3921 1
3922 3
3923 1
3924 1
3925 2
3926 3
3927 5
3928 3
3929 2
3930 2
3931 2
3932 3
3933 2
3934 3
3935 2
3936 1
3937 2
3938 2
3939 4
3940 2
3941 4
3942 5
3943 2
3944 4
3945 1
3946 4
3947 2
3948 2
3949 2
3950 4
3951 1
3952 4
3953 2
3954 1
3955 3
3956 4
3957 4
3958 5
3959 3
3960 1
3961 3
3962 5
3963 1
3964 3
3965 2
3966 2
3967 4
3968 4
3969 3
3970 1
3971 3
3972 1
3973 3
3974 4
3975 5
3976 5
3977 5
3978 4
3979 1
3980 2
3981 4
3982 5
3983 1
3984 4
3985 4
3986 1
3987 5
3988 4
3989 4
3990 4
3991 4
3992 3
3993 3
3994 1
3995 4
3996 3
3997 3
3998 2
3999 4
4000 3
4001 2
4002 2
4003 4
4004 3
4005 3
4006 1
4007 3
4008 2
4009 5
4010 2
4011 2
4012 5
4013 2
4014 4
4015 2
4016 1
4017 3
4018 1
4019 2
4020 4
4021 1
4022 5
4023 3
4024 5
4025 2
4026 4
4027 2
4028 5
4029 5
4030 5
4031 5
4032 2
4033 1
4034 1
4035 3
4036 1
4037 5
4038 4
4039 3
4040 3
4041 2
4042 2
4043 2
4044 1
4045 5
4046 1
4047 2
4048 5
4049 2
4050 1
4051 5
4052 2
4053 1
4054 5
4055 1
4056 4
4057 5
4058 5
4059 3
4060 2
4061 3
4062 1
4063 1
4064 4
4065 1
4066 3
4067 1
4068 4
4069 2
4070 3
4071 1
4072 2
4073 5
4074 3
4075 4
4076 1
4077 3
4078 2
4079 5
4080 5
4081 2
4082 3
4083 3
4084 1
4085 2
4086 3
4087 3
4088 3
4089 3
4090 1
4091 5
4092 5
4093 1
4094 2
4095 5
4096 3
4097 2
4098 4
4099 1
4100 5
4101 2
4102 4
4103 3
4104 4
4105 1
4106 2
4107 2
4108 4
4109 2
4110 5
4111 2
4112 4
4113 4
4114 5
4115 4
4116 5
4117 2
4118 5
4119 5
4120 1
4121 2
4122 5
4123 3
4124 1
4125 1
4126 5
4127 1
4128 4
4129 3
4130 4
4131 3
4132 3
4133 2
4134 2
4135 4
4136 2
4137 5
4138 3
4139 3
4140 4
4141 3
4142 2
4143 5
4144 4
4145 5
4146 5
4147 2
4148 4
4149 5
4150 1
4151 5
4152 3
4153 2
4154 2
4155 4
4156 1
4157 2
4158 4
4159 3
4160 5
4161 3
4162 2
4163 1
4164 5
4165 2
4166 1
4167 2
4168 3
4169 3
4170 3
4171 5
4172 4
4173 5
4174 5
4175 1
4176 1
4177 1
4178 2
4179 3
4180 3
4181 3
4182 2
4183 3
4184 4
4185 2
4186 5
4187 1
4188 1
4189 3
4190 3
4191 5
4192 1
4193 2
4194 3
4195 5
4196 1
4197 5
4198 3
4199 3
4200 1
4201 3
4202 5
4203 4
4204 4
4205 2
4206 3
4207 2
4208 2
4209 3
4210 1
4211 5
4212 2
4213 2
4214 1
4215 4
4216 3
4217 1
4218 5
4219 4
4220 5
4221 1
4222 4
4223 1
4224 5
4225 2
4226 2
4227 3
4228 4
4229 3
4230 5
4231 4
4232 1
4233 5
4234 2
4235 1
4236 4
4237 3
4238 4
4239 1
4240 5
4241 1
4242 2
4243 5
4244 5
4245 3
4246 1
4247 1
4248 4
4249 5
4250 5
4251 3
4252 5
4253 4
4254 3
4255 1
4256 1
4257 1
4258 3
4259 1
4260 4
4261 2
4262 4
4263 5
4264 5
4265 2
4266 4
4267 2
4268 5
4269 3
4270 1
4271 4
4272 5
4273 3
4274 1
4275 4
4276 3
4277 2
4278 3
4279 5
4280 3
4281 1
4282 2
4283 2
4284 3
4285 2
4286 5
4287 3
4288 2
4289 1
4290 3
4291 4
4292 1
4293 2
4294 3
4295 2
4296 4
4297 1
4298 5
4299 2
4300 1
4301 3
4302 1
4303 3
4304 2
4305 2
4306 2
4307 3
4308 1
4309 1
4310 4
4311 5
4312 3
4313 3
4314 3
4315 4
4316 3
4317 5
4318 2
4319 2
4320 2
4321 3
4322 5
4323 5
4324 2
4325 4
4326 3
4327 1
4328 5
4329 5
4330 4
4331 4
4332 2
4333 4
4334 1
4335 4
4336 3
4337 2
4338 1
4339 2
4340 5
4341 5
4342 1
4343 4
4344 4
4345 4
4346 5
4347 1
4348 5
4349 1
4350 3
4351 3
4352 2
4353 5
4354 4
4355 4
4356 3
4357 4
4358 2
4359 4
4360 4
4361 4
4362 1
4363 2
4364 3
4365 2
4366 2
4367 1
4368 2
4369 2
4370 4
4371 4
4372 1
4373 2
4374 1
4375 1
4376 2
4377 4
4378 1
4379 3
4380 1
4381 5
4382 3
4383 5
4384 1
4385 4
4386 5
4387 4
4388 2
4389 4
4390 4
4391 4
4392 5
4393 4
4394 4
4395 5
4396 2
4397 1
4398 5
4399 5
4400 4
4401 5
4402 3
4403 2
4404 1
4405 1
4406 1
4407 2
4408 5
4409 2
4410 4
4411 4
4412 4
4413 5
4414 3
4415 5
4416 4
4417 3
4418 2
4419 4
4420 4
4421 5
4422 5
4423 5
4424 3
4425 4
4426 3
4427 2
4428 3
4429 3
4430 2
4431 2
4432 1
4433 4
4434 4
4435 1
4436 1
4437 5
4438 3
4439 3
4440 3
4441 3
4442 1
4443 2
4444 1
4445 5
4446 4
4447 4
4448 5
4449 4
4450 2
4451 5
4452 4
4453 4
4454 2
4455 4
4456 2
4457 5
4458 1
4459 1
4460 3
4461 5
4462 4
4463 5
4464 3
4465 3
4466 4
4467 2
4468 2
4469 3
4470 4
4471 3
4472 5
4473 5
4474 4
4475 2
4476 5
4477 5
4478 1
4479 4
4480 2
4481 1
4482 1
4483 2
4484 4
4485 3
4486 3
4487 4
4488 1
4489 4
4490 5
4491 5
4492 5
4493 1
4494 5
4495 4
4496 3
4497 4
4498 3
4499 5
4500 2
4501 3
4502 1
4503 5
4504 1
4505 3
4506 5
4507 3
4508 3
4509 1
4510 1
4511 5
4512 4
4513 3
4514 2
4515 5
4516 3
4517 4
4518 1
4519 5
4520 2
4521 3
4522 2
4523 3
4524 1
4525 5
4526 5
4527 1
4528 5
4529 5
4530 2
4531 3
4532 2
4533 5
4534 4
4535 3
4536 4
4537 5
4538 4
4539 3
4540 4
4541 5
4542 3
4543 2
4544 5
4545 3
4546 1
4547 5
4548 1
4549 2
4550 2
4551 3
4552 3
4553 2
4554 2
4555 5
4556 2
4557 4
4558 4
4559 5
4560 5
4561 1
4562 4
4563 3
4564 3
4565 3
4566 5
4567 1
4568 4
4569 4
4570 5
4571 1
4572 4
4573 3
4574 3
4575 4
4576 2
4577 4
4578 1
4579 3
4580 3
4581 1
4582 4
4583 5
4584 5
4585 3
4586 1
4587 4
4588 4
4589 5
4590 4
4591 2
4592 5
4593 2
4594 1
4595 1
4596 1
4597 3
4598 4
4599 5
4600 2
4601 3
4602 2
4603 3
4604 2
4605 2
4606 5
4607 1
4608 1
4609 4
4610 5
4611 4
4612 5
4613 3
4614 4
4615 2
4616 3
4617 3
4618 3
4619 4
4620 1
4621 1
4622 2
4623 4
4624 4
4625 5
4626 3
4627 5
4628 2
4629 1
4630 1
4631 2
4632 2
4633 1
4634 1
4635 3
4636 5
4637 3
4638 1
4639 2
4640 3
4641 1
4642 1
4643 5
4644 3
4645 2
4646 3
4647 3
4648 1
4649 2
4650 5
4651 3
4652 2
4653 3
4654 2
4655 1
4656 3
4657 4
4658 3
4659 5
4660 2
4661 2
4662 3
4663 3
4664 3
4665 4
4666 3
4667 1
4668 1
4669 5
4670 5
4671 1
4672 2
4673 2
4674 4
4675 1
4676 4
4677 2
4678 3
4679 4
4680 1
4681 5
4682 1
4683 1
4684 4
4685 5
4686 3
4687 5
4688 5
4689 5
4690 3
4691 2
4692 1
4693 4
4694 2
4695 4
4696 5
4697 3
4698 2
4699 1
4700 3
4701 5
4702 4
4703 5
4704 2
4705 5
4706 4
4707 4
4708 3
4709 5
4710 1
4711 5
4712 5
4713 5
4714 2
4715 2
4716 4
4717 1
4718 5
4719 3
4720 5
4721 5
4722 3
4723 1
4724 3
4725 2
4726 1
4727 5
4728 3
4729 2
4730 2
4731 5
4732 5
4733 2
4734 4
4735 2
4736 2
4737 5
4738 1
4739 3
4740 4
4741 1
4742 4
4743 5
4744 5
4745 3
4746 1
4747 3
4748 5
4749 4
4750 1
4751 1
4752 1
4753 1
4754 4
4755 4
4756 3
4757 3
4758 1
4759 2
4760 1
4761 4
4762 5
4763 3
4764 5
4765 3
4766 4
4767 4
4768 1
4769 4
4770 5
4771 1
4772 5
4773 3
4774 5
4775 1
4776 1
4777 4
4778 4
4779 2
4780 5
4781 4
4782 4
4783 4
4784 1
4785 3
4786 4
4787 3
4788 2
4789 1
4790 5
4791 4
4792 5
4793 1
4794 5
4795 3
4796 3
4797 2
4798 1
4799 4
4800 2
4801 4
4802 3
4803 1
4804 1
4805 5
4806 3
4807 4
4808 2
4809 5
4810 3
4811 3
4812 5
4813 4
4814 4
4815 5
4816 1
4817 1
4818 2
4819 2
4820 4
4821 2
4822 1
4823 3
4824 2
4825 1
4826 2
4827 3
4828 4
4829 2
4830 2
4831 2
4832 2
4833 4
4834 4
4835 3
4836 4
4837 5
4838 5
4839 2
4840 1
4841 1
4842 1
4843 1
4844 1
4845 2
4846 4
4847 3
4848 2
4849 2
4850 3
4851 4
4852 5
4853 5
4854 2
4855 4
4856 1
4857 5
4858 2
4859 5
4860 1
4861 5
4862 2
4863 2
4864 3
4865 5
4866 3
4867 4
4868 2
4869 3
4870 3
4871 5
4872 3
4873 5
4874 2
4875 3
4876 3
4877 4
4878 4
4879 1
4880 5
4881 3
4882 5
4883 3
4884 4
4885 3
4886 3
4887 2
4888 1
4889 2
4890 2
4891 4
4892 1
4893 4
4894 4
4895 1
4896 3
4897 5
4898 3
4899 3
4900 2
4901 1
4902 4
4903 1
4904 5
4905 1
4906 2
4907 4
4908 1
4909 2
4910 4
4911 2
4912 5
4913 5
4914 5
4915 2
4916 2
4917 5
4918 1
4919 2
4920 5
4921 2
4922 4
4923 3
4924 2
4925 4
4926 1
4927 1
4928 4
4929 1
4930 4
4931 2
4932 5
4933 1
4934 4
4935 4
4936 2
4937 3
4938 1
4939 1
4940 4
4941 4
4942 5
4943 2
4944 5
4945 3
4946 3
4947 3
4948 2
4949 2
4950 3
4951 2
4952 1
4953 3
4954 3
4955 3
4956 1
4957 5
4958 2
4959 3
4960 3
4961 3
4962 5
4963 2
4964 2
4965 1
4966 1
4967 5
4968 4
4969 4
4970 5
4971 2
4972 5
4973 4
4974 4
4975 5
4976 2
4977 5
4978 5
4979 4
4980 5
4981 1
4982 1
4983 3
4984 1
4985 3
4986 4
4987 1
4988 5
4989 4
4990 1
4991 4
4992 2
4993 2
4994 1
4995 3
4996 3
4997 4
4998 1
4999 1
5000 1
5001 2
5002 4
5003 5
5004 5
5005 2
5006 2
5007 3
5008 5
5009 2
5010 4
5011 3
5012 5
5013 1
5014 2
5015 5
5016 1
5017 2
5018 5
5019 5
5020 1
5021 4
5022 5
5023 3
5024 1
5025 5
5026 5
5027 5
5028 1
5029 5
5030 4
5031 3
5032 1
5033 1
5034 1
5035 3
5036 5
5037 1
5038 1
5039 2
5040 1
5041 2
5042 4
5043 4
5044 2
5045 3
5046 1
5047 2
5048 5
5049 3
5050 4
5051 3
5052 5
5053 4
5054 1
5055 4
5056 1
5057 4
5058 5
5059 5
5060 1
5061 4
5062 5
5063 3
5064 1
5065 2
5066 5
5067 4
5068 5
5069 5
5070 4
5071 4
5072 5
5073 4
5074 3
5075 2
5076 3
5077 1
5078 1
5079 5
5080 4
5081 4
5082 1
5083 3
5084 5
5085 4
5086 5
5087 3
5088 2
5089 4
5090 4
5091 1
5092 2
5093 4
5094 4
5095 4
5096 2
5097 1
5098 2
5099 4
5100 5
5101 3
5102 3
5103 2
5104 5
5105 1
5106 5
5107 1
5108 3
5109 4
5110 2
5111 4
5112 4
5113 5
5114 4
5115 3
5116 3
5117 2
5118 5
5119 2
5120 5
5121 5
5122 5
5123 4
5124 4
5125 3
5126 1
5127 2
5128 4
5129 5
5130 5
5131 4
5132 3
5133 1
5134 5
5135 3
5136 2
5137 4
5138 2
5139 4
5140 3
5141 3
5142 1
5143 4
5144 3
5145 1
5146 1
5147 5
5148 4
5149 2
5150 5
5151 1
5152 5
5153 5
5154 2
5155 5
5156 5
5157 5
5158 1
5159 5
5160 3
5161 3
5162 3
5163 2
5164 5
5165 1
5166 1
5167 4
5168 2
5169 2
5170 4
5171 4
5172 4
5173 3
5174 1
5175 4
5176 4
5177 4
5178 4
5179 3
5180 4
5181 2
5182 4
5183 2
5184 4
5185 1
5186 5
5187 5
5188 5
5189 2
5190 5
5191 2
5192 3
5193 5
5194 2
5195 4
5196 2
5197 1
5198 3
5199 5
5200 4
5201 3
5202 5
5203 2
5204 4
5205 3
5206 2
5207 5
5208 3
5209 3
5210 4
5211 4
5212 2
5213 4
5214 2
5215 2
5216 5
5217 3
5218 3
5219 1
5220 4
5221 5
5222 5
5223 3
5224 1
5225 2
5226 4
5227 1
5228 1
5229 5
5230 2
5231 2
5232 4
5233 3
5234 4
5235 4
5236 4
5237 2
5238 4
5239 5
5240 2
5241 5
5242 2
5243 1
5244 1
5245 4
5246 5
5247 2
5248 1
5249 3
5250 1
5251 4
5252 1
5253 4
5254 4
5255 4
5256 2
5257 2
5258 3
5259 5
5260 3
5261 2
5262 2
5263 3
5264 3
5265 2
5266 4
5267 4
5268 1
5269 1
5270 4
5271 5
5272 1
5273 4
5274 4
5275 1
5276 4
5277 5
5278 3
5279 5
5280 5
5281 4
5282 5
5283 1
5284 1
5285 1
5286 4
5287 1
5288 4
5289 3
5290 2
5291 2
5292 4
5293 5
5294 2
5295 4
5296 4
5297 1
5298 4
5299 4
5300 4
5301 2
5302 4
5303 5
5304 4
5305 2
5306 2
5307 1
5308 1
5309 3
5310 1
5311 1
5312 4
5313 3
5314 4
5315 4
5316 3
5317 2
5318 5
5319 4
5320 3
5321 1
5322 5
5323 4
5324 3
5325 5
5326 5
5327 1
5328 5
5329 3
5330 4
5331 2
5332 1
5333 2
5334 4
5335 1
5336 3
5337 2
5338 5
5339 1
5340 1
5341 3
5342 2
5343 1
5344 2
5345 4
5346 3
5347 2
5348 3
5349 1
5350 2
5351 5
5352 4
5353 5
5354 5
5355 1
5356 5
5357 2
5358 2
5359 2
5360 5
5361 1
5362 2
5363 1
5364 2
5365 5
5366 5
5367 1
5368 4
5369 2
5370 2
5371 4
5372 4
5373 2
5374 5
5375 3
5376 1
5377 4
5378 1
5379 2
5380 2
5381 4
5382 1
5383 2
5384 3
5385 2
5386 4
5387 1
5388 2
5389 4
5390 3
5391 4
5392 5
5393 1
5394 3
5395 5
5396 5
5397 5
5398 4
5399 4
5400 5
5401 4
5402 4
5403 1
5404 4
5405 1
5406 3
5407 2
5408 4
5409 2
5410 3
5411 1
5412 3
5413 1
5414 4
5415 5
5416 1
5417 1
5418 1
5419 5
5420 2
5421 1
5422 3
5423 5
5424 2
5425 1
5426 3
5427 4
5428 5
5429 1
5430 5
5431 5
5432 2
5433 4
5434 1
5435 3
5436 4
5437 4
5438 5
5439 1
5440 4
5441 5
5442 2
5443 4
5444 3
5445 4
5446 2
5447 1
5448 3
5449 1
5450 4
5451 1
5452 3
5453 3
5454 3
5455 2
5456 2
5457 5
5458 2
5459 2
5460 1
5461 2
5462 1
5463 1
5464 5
5465 4
5466 3
5467 5
5468 2
5469 4
5470 3
5471 2
5472 1
5473 5
5474 5
5475 1
5476 1
5477 2
5478 5
5479 2
5480 2
5481 3
5482 1
5483 2
5484 5
5485 5
5486 1
5487 4
5488 1
5489 1
5490 3
5491 4
5492 5
5493 5
5494 3
5495 4
5496 3
5497 3
5498 3
5499 2
5500 3
5501 3
5502 4
5503 3
5504 4
5505 5
5506 1
5507 5
5508 3
5509 2
5510 1
5511 2
5512 2
5513 1
5514 5
5515 2
5516 2
5517 1
5518 2
5519 1
5520 4
5521 1
5522 5
5523 4
5524 4
5525 1
5526 4
5527 4
5528 3
5529 3
5530 2
5531 1
5532 5
5533 1
5534 4
5535 4
5536 4
5537 4
5538 3
5539 5
5540 3
5541 1
5542 4
5543 3
5544 2
5545 4
5546 2
5547 1
5548 3
5549 4
5550 3
5551 1
5552 4
5553 3
5554 4
5555 1
5556 2
5557 1
5558 2
5559 5
5560 5
5561 4
5562 5
5563 2
5564 2
5565 5
5566 2
5567 1
5568 5
5569 2
5570 5
5571 1
5572 3
5573 1
5574 1
5575 2
5576 5
5577 3
5578 2
5579 1
5580 4
5581 5
5582 4
5583 4
5584 1
5585 1
5586 5
5587 5
5588 5
5589 2
5590 4
5591 4
5592 2
5593 2
5594 3
5595 2
5596 1
5597 3
5598 2
5599 5
5600 1
5601 4
5602 1
5603 2
5604 4
5605 1
5606 4
5607 1
5608 2
5609 1
5610 2
5611 2
5612 4
5613 5
5614 4
5615 4
5616 3
5617 4
5618 2
5619 5
5620 5
5621 5
5622 5
5623 2
5624 3
5625 4
5626 5
5627 2
5628 1
5629 2
5630 3
5631 1
5632 2
5633 3
5634 3
5635 2
5636 4
5637 5
5638 5
5639 2
5640 2
5641 2
5642 2
5643 5
5644 4
5645 4
5646 4
5647 4
5648 2
5649 2
5650 3
5651 4
5652 4
5653 3
5654 1
5655 1
5656 2
5657 1
5658 2
5659 5
5660 5
5661 2
5662 5
5663 1
5664 2
5665 1
5666 2
5667 2
5668 1
5669 5
5670 3
5671 4
5672 1
5673 1
5674 1
5675 2
5676 2
5677 2
5678 2
5679 4
5680 2
5681 4
5682 5
5683 5
5684 3
5685 2
5686 1
5687 5
5688 4
5689 5
5690 1
5691 1
5692 2
5693 3
5694 3
5695 4
5696 3
5697 2
5698 4
5699 1
5700 2
5701 1
5702 4
5703 1
5704 5
5705 3
5706 3
5707 3
5708 2
5709 1
5710 2
5711 4
5712 3
5713 5
5714 5
5715 5
5716 5
5717 5
5718 3
5719 2
5720 1
5721 5
5722 2
5723 4
5724 3
5725 3
5726 5
5727 4
5728 2
5729 3
5730 2
5731 1
5732 3
5733 3
5734 4
5735 1
5736 5
5737 5
5738 2
5739 5
5740 3
5741 5
5742 1
5743 3
5744 2
5745 1
5746 2
5747 2
5748 2
5749 1
5750 3
5751 3
5752 3
5753 5
5754 5
5755 3
5756 1
5757 5
5758 5
5759 4
5760 5
5761 4
5762 3
5763 4
5764 3
5765 5
5766 2
5767 2
5768 1
5769 3
5770 5
5771 2
5772 1
5773 1
5774 3
5775 3
5776 1
5777 4
5778 2
5779 2
5780 4
5781 1
5782 5
5783 2
5784 4
5785 1
5786 2
5787 4
5788 2
5789 4
5790 4
5791 3
5792 2
5793 1
5794 5
5795 5
5796 3
5797 5
5798 5
5799 5
5800 5
5801 2
5802 2
5803 1
5804 5
5805 4
5806 1
5807 3
5808 3
5809 3
5810 5
5811 2
5812 2
5813 2
5814 2
5815 1
5816 5
5817 2
5818 1
5819 5
5820 3
5821 1
5822 4
5823 2
5824 2
5825 1
5826 4
5827 4
5828 2
5829 2
5830 2
5831 5
5832 4
5833 5
5834 3
5835 1
5836 5
5837 3
5838 2
5839 1
5840 1
5841 1
5842 5
5843 5
5844 5
5845 5
5846 5
5847 5
5848 1
5849 5
5850 4
5851 1
5852 4
5853 2
5854 2
5855 2
5856 5
5857 4
5858 5
5859 1
5860 4
5861 5
5862 1
5863 5
5864 5
5865 2
5866 4
5867 5
5868 3
5869 2
5870 1
5871 1
5872 5
5873 2
5874 5
5875 4
5876 1
5877 3
5878 4
5879 5
5880 3
5881 3
5882 2
5883 5
5884 1
5885 1
5886 5
5887 1
5888 4
5889 4
5890 4
5891 2
5892 5
5893 1
5894 4
5895 4
5896 5
5897 3
5898 4
5899 5
5900 5
5901 3
5902 1
5903 1
5904 5
5905 3
5906 4
5907 3
5908 1
5909 4
5910 4
5911 4
5912 2
5913 1
5914 3
5915 3
5916 5
5917 5
5918 2
5919 3
5920 4
5921 3
5922 2
5923 5
5924 3
5925 3
5926 2
5927 5
5928 4
5929 4
5930 2
5931 2
5932 4
5933 5
5934 5
5935 1
5936 1
5937 2
5938 1
5939 1
5940 4
5941 3
5942 4
5943 2
5944 5
5945 1
5946 1
5947 3
5948 2
5949 1
5950 4
5951 1
5952 5
5953 4
5954 3
5955 1
5956 1
5957 3
5958 4
5959 4
5960 5
5961 1
5962 4
5963 3
5964 4
5965 2
5966 3
5967 1
5968 4
5969 4
5970 2
5971 1
5972 3
5973 1
5974 3
5975 5
5976 5
5977 5
5978 2
5979 2
5980 5
5981 2
5982 3
5983 5
5984 2
5985 5
5986 3
5987 2
5988 2
5989 4
5990 5
5991 5
5992 2
5993 5
5994 2
5995 5
5996 5
5997 1
5998 1
5999 1
6000 4
6001 4
6002 3
6003 1
6004 5
6005 5
6006 5
6007 4
6008 5
6009 3
6010 3
6011 2
6012 3
6013 4
6014 3
6015 4
6016 3
6017 4
6018 1
6019 2
6020 3
6021 5
6022 1
6023 2
6024 4
6025 5
6026 2
6027 3
6028 5
6029 2
6030 3
6031 1
6032 2
6033 3
6034 3
6035 5
6036 1
6037 5
6038 1
6039 5
6040 2
6041 4
6042 5
6043 3
6044 2
6045 3
6046 3
6047 1
6048 4
6049 4
6050 5
6051 1
6052 1
6053 2
6054 4
6055 2
6056 1
6057 5
6058 5
6059 3
6060 1
6061 4
6062 3
6063 4
6064 5
6065 5
6066 4
6067 5
6068 1
6069 5
6070 1
6071 3
6072 2
6073 1
6074 1
6075 1
6076 5
6077 2
6078 3
6079 5
6080 4
6081 1
6082 4
6083 5
6084 2
6085 5
6086 3
6087 1
6088 4
6089 4
6090 5
6091 2
6092 5
6093 2
6094 5
6095 2
6096 5
6097 5
6098 1
6099 1
6100 1
6101 1
6102 1
6103 3
6104 4
6105 3
6106 1
6107 4
6108 5
6109 2
6110 4
6111 1
6112 2
6113 1
6114 2
6115 2
6116 4
6117 1
6118 4
6119 5
6120 5
6121 5
6122 2
6123 3
6124 2
6125 3
6126 5
6127 4
6128 2
6129 2
6130 4
6131 2
6132 5
6133 1
6134 5
6135 5
6136 4
6137 3
6138 3
6139 4
6140 2
6141 1
6142 1
6143 3
6144 1
6145 3
6146 2
6147 2
6148 4
6149 5
6150 3
6151 1
6152 4
6153 1
6154 5
6155 3
6156 3
6157 3
6158 4
6159 3
6160 5
6161 5
6162 2
6163 3
6164 5
6165 5
6166 2
6167 3
6168 1
6169 2
6170 2
6171 4
6172 3
6173 3
6174 1
6175 3
6176 5
6177 4
6178 1
6179 5
6180 3
6181 4
6182 1
6183 5
6184 5
6185 1
6186 3
6187 5
6188 3
6189 3
6190 4
6191 3
6192 5
6193 1
6194 1
6195 2
6196 1
6197 2
6198 4
6199 4
6200 3
6201 4
6202 1
6203 2
6204 5
6205 5
6206 1
6207 2
6208 4
6209 2
6210 4
6211 1
6212 1
6213 1
6214 3
6215 3
6216 1
6217 3
6218 2
6219 3
6220 1
6221 1
6222 5
6223 5
6224 5
6225 2
6226 5
6227 4
6228 3
6229 1
6230 2
6231 5
6232 3
6233 5
6234 1
6235 3
6236 3
6237 2
6238 2
6239 5
6240 5
6241 1
6242 1
6243 1
6244 1
6245 1
6246 3
6247 5
6248 1
6249 1
6250 4
6251 1
6252 3
6253 4
6254 3
6255 3
6256 4
6257 1
6258 3
6259 4
6260 4
6261 5
6262 4
6263 1
6264 5
6265 2
6266 5
6267 2
6268 5
6269 2
6270 1
6271 5
6272 2
6273 2
6274 5
6275 1
6276 2
6277 2
6278 3
6279 1
6280 1
6281 3
6282 1
6283 2
6284 1
6285 4
6286 5
6287 4
6288 5
6289 1
6290 5
6291 4
6292 1
6293 4
6294 5
6295 4
6296 2
6297 2
6298 1
6299 3
6300 2
6301 4
6302 1
6303 3
6304 2
6305 3
6306 5
6307 4
6308 4
6309 1
6310 3
6311 2
6312 3
6313 5
6314 4
6315 3
6316 1
6317 2
6318 3
6319 2
6320 1
6321 5
6322 4
6323 4
6324 3
6325 3
6326 1
6327 3
6328 3
6329 4
6330 1
6331 3
6332 4
6333 2
6334 2
6335 5
6336 3
6337 1
6338 3
6339 4
6340 2
6341 4
6342 4
6343 3
6344 4
6345 1
6346 1
6347 4
6348 1
6349 3
6350 5
6351 3
6352 4
6353 4
6354 1
6355 1
6356 5
6357 4
6358 2
6359 3
6360 4
6361 2
6362 3
6363 3
6364 2
6365 1
6366 4
6367 2
6368 4
6369 5
6370 4
6371 1
6372 4
6373 4
6374 2
6375 2
6376 2
6377 4
6378 4
6379 2
6380 2
6381 5
6382 5
6383 5
6384 4
6385 3
6386 3
6387 4
6388 1
6389 5
6390 2
6391 5
6392 1
6393 5
6394 3
6395 1
6396 3
6397 1
6398 5
6399 5
6400 3
6401 3
6402 3
6403 1
6404 2
6405 4
6406 2
6407 2
6408 3
6409 4
6410 1
6411 2
6412 3
6413 5
6414 1
6415 3
6416 2
6417 2
6418 5
6419 3
6420 2
6421 4
6422 5
6423 1
6424 4
6425 3
6426 4
6427 5
6428 2
6429 5
6430 5
6431 5
6432 3
6433 3
6434 4
6435 1
6436 4
6437 5
6438 4
6439 4
6440 5
6441 2
6442 1
6443 2
6444 1
6445 2
6446 2
6447 3
6448 1
6449 3
6450 2
6451 4
6452 5
6453 4
6454 5
6455 4
6456 5
6457 1
6458 2
6459 1
6460 4
6461 4
6462 1
6463 4
6464 3
6465 5
6466 3
6467 4
6468 4
6469 2
6470 1
6471 5
6472 5
6473 3
6474 5
6475 2
6476 4
6477 2
6478 1
6479 2
6480 2
6481 2
6482 4
6483 5
6484 5
6485 5
6486 3
6487 1
6488 1
6489 2
6490 3
6491 4
6492 1
6493 5
6494 1
6495 2
6496 5
6497 4
6498 3
6499 4
6500 1
6501 3
6502 3
6503 3
6504 2
6505 1
6506 1
6507 2
6508 1
6509 4
6510 1
6511 3
6512 1
6513 4
6514 4
6515 4
6516 2
6517 4
6518 2
6519 2
6520 2
6521 4
6522 2
6523 1
6524 2
6525 2
6526 5
6527 5
6528 5
6529 2
6530 3
6531 5
6532 2
6533 3
6534 1
6535 4
6536 2
6537 4
6538 5
6539 2
6540 4
6541 3
6542 3
6543 2
6544 4
6545 1
6546 1
6547 3
6548 1
6549 1
6550 3
6551 4
6552 1
6553 4
6554 1
6555 2
6556 4
6557 3
6558 3
6559 1
6560 5
6561 2
6562 5
6563 3
6564 3
6565 1
6566 4
6567 4
6568 4
6569 2
6570 2
6571 2
6572 1
6573 5
6574 4
6575 5
6576 1
6577 4
6578 3
6579 2
6580 2
6581 4
6582 2
6583 5
6584 1
6585 3
6586 4
6587 2
6588 1
6589 3
6590 5
6591 4
6592 4
6593 4
6594 5
6595 3
6596 4
6597 3
6598 3
6599 4
6600 3
6601 5
6602 4
6603 2
6604 4
6605 1
6606 5
6607 3
6608 3
6609 4
6610 5
6611 2
6612 1
6613 4
6614 1
6615 3
6616 5
6617 2
6618 2
6619 2
6620 4
6621 4
6622 2
6623 3
6624 3
6625 5
6626 2
6627 2
6628 3
6629 1
6630 4
6631 5
6632 4
6633 3
6634 4
6635 5
6636 5
6637 5
6638 4
6639 3
6640 3
6641 3
6642 5
6643 1
6644 2
6645 4
6646 4
6647 4
6648 1
6649 2
6650 1
6651 4
6652 2
6653 3
6654 1
6655 3
6656 2
6657 2
6658 3
6659 4
6660 5
6661 2
6662 3
6663 2
6664 3
6665 2
6666 5
6667 3
6668 5
6669 1
6670 2
6671 3
6672 2
6673 5
6674 5
6675 1
6676 4
6677 5
6678 1
6679 3
6680 3
6681 2
6682 5
6683 5
6684 5
6685 4
6686 5
6687 3
6688 4
6689 2
6690 2
6691 1
6692 5
6693 4
6694 5
6695 5
6696 3
6697 1
6698 2
6699 1
6700 4
6701 3
6702 2
6703 3
6704 5
6705 1
6706 1
6707 4
6708 5
6709 4
6710 3
6711 3
6712 3
6713 5
6714 1
6715 4
6716 5
6717 5
6718 2
6719 4
6720 5
6721 3
6722 2
6723 3
6724 4
6725 2
6726 3
6727 2
6728 5
6729 1
6730 2
6731 5
6732 3
6733 4
6734 5
6735 1
6736 5
6737 2
6738 1
6739 3
6740 4
6741 4
6742 3
6743 3
6744 1
6745 2
6746 5
6747 2
6748 3
6749 1
6750 2
6751 1
6752 2
6753 3
6754 5
6755 2
6756 2
6757 1
6758 3
6759 1
6760 1
6761 2
6762 5
6763 5
6764 3
6765 3
6766 2
6767 4
6768 2
6769 1
6770 1
6771 1
6772 1
6773 2
6774 2
6775 4
6776 4
6777 2
6778 2
6779 1
6780 4
6781 3
6782 4
6783 4
6784 5
6785 1
6786 5
6787 5
6788 4
6789 4
6790 5
6791 5
6792 4
6793 1
6794 5
6795 4
6796 3
6797 1
6798 5
6799 4
6800 5
6801 4
6802 3
6803 2
6804 4
6805 3
6806 4
6807 3
6808 5
6809 1
6810 2
6811 1
6812 5
6813 2
6814 1
6815 2
6816 4
6817 4
6818 1
6819 5
6820 1
6821 3
6822 3
6823 5
6824 5
6825 5
6826 5
6827 3
6828 3
6829 4
6830 5
6831 3
6832 4
6833 5
6834 4
6835 4
6836 5
6837 5
6838 1
6839 4
6840 1
6841 3
6842 3
6843 4
6844 4
6845 2
6846 3
6847 3
6848 4
6849 5
6850 4
6851 5
6852 5
6853 4
6854 2
6855 1
6856 2
6857 1
6858 4
6859 5
6860 5
6861 3
6862 2
6863 4
6864 2
6865 2
6866 3
6867 5
6868 5
6869 1
6870 4
6871 1
6872 3
6873 4
6874 5
6875 5
6876 4
6877 3
6878 3
6879 4
6880 5
6881 3
6882 4
6883 1
6884 1
6885 2
6886 3
6887 5
6888 3
6889 5
6890 3
6891 5
6892 4
6893 3
6894 4
6895 3
6896 2
6897 4
6898 3
6899 5
6900 5
6901 3
6902 2
6903 4
6904 2
6905 5
6906 3
6907 1
6908 1
6909 3
6910 4
6911 3
6912 3
6913 3
6914 5
6915 5
6916 2
6917 5
6918 3
6919 2
6920 3
6921 3
6922 3
6923 2
6924 4
6925 1
6926 1
6927 1
6928 5
6929 1
6930 1
6931 5
6932 2
6933 1
6934 5
6935 1
6936 3
6937 2
6938 4
6939 5
6940 5
6941 2
6942 1
6943 2
6944 5
6945 2
6946 2
6947 3
6948 2
6949 5
6950 2
6951 5
6952 5
6953 1
6954 1
6955 1
6956 1
6957 5
6958 4
6959 5
6960 3
6961 2
6962 2
6963 3
6964 5
6965 2
6966 2
6967 3
6968 3
6969 2
6970 3
6971 5
6972 4
6973 4
6974 2
6975 2
6976 2
6977 5
6978 2
6979 1
6980 3
6981 4
6982 2
6983 2
6984 1
6985 4
6986 4
6987 1
6988 5
6989 4
6990 2
6991 5
6992 3
6993 4
6994 4
6995 2
6996 2
6997 1
6998 4
6999 3
7000 1
7001 3
7002 4
7003 2
7004 3
7005 5
7006 5
7007 5
7008 4
7009 4
7010 3
7011 5
7012 2
7013 4
7014 2
7015 1
7016 2
7017 3
7018 1
7019 5
7020 5
7021 3
7022 5
7023 3
7024 1
7025 1
7026 2
7027 1
7028 5
7029 2
7030 1
7031 5
7032 1
7033 5
7034 4
7035 2
7036 5
7037 3
7038 5
7039 5
7040 2
7041 5
7042 4
7043 5
7044 2
7045 3
7046 2
7047 3
7048 5
7049 3
7050 5
7051 2
7052 5
7053 4
7054 1
7055 3
7056 1
7057 2
7058 2
7059 3
7060 1
7061 3
7062 3
7063 1
7064 3
7065 2
7066 3
7067 3
7068 4
7069 1
7070 2
7071 5
7072 1
7073 3
7074 2
7075 4
7076 5
7077 5
7078 4
7079 2
7080 1
7081 1
7082 4
7083 2
7084 5
7085 1
7086 3
7087 4
7088 5
7089 2
7090 4
7091 3
7092 2
7093 4
7094 3
7095 4
7096 2
7097 4
7098 3
7099 4
7100 3
7101 1
7102 1
7103 3
7104 1
7105 5
7106 1
7107 1
7108 2
7109 2
7110 4
7111 2
7112 5
7113 4
7114 5
7115 5
7116 4
7117 5
7118 3
7119 4
7120 2
7121 3
7122 3
7123 4
7124 3
7125 3
7126 1
7127 5
7128 5
7129 5
7130 4
7131 5
7132 5
7133 2
7134 2
7135 1
7136 3
7137 1
7138 2
7139 5
7140 2
7141 1
7142 3
7143 4
7144 5
7145 5
7146 2
7147 1
7148 5
7149 3
7150 1
7151 2
7152 4
7153 1
7154 5
7155 4
7156 1
7157 1
7158 4
7159 4
7160 4
7161 5
7162 2
7163 4
7164 2
7165 4
7166 3
7167 4
7168 3
7169 2
7170 4
7171 4
7172 3
7173 1
7174 3
7175 2
7176 4
7177 1
7178 1
7179 2
7180 2
7181 4
7182 4
7183 4
7184 1
7185 4
7186 4
7187 4
7188 3
7189 3
7190 3
7191 4
7192 5
7193 4
7194 4
7195 3
7196 5
7197 1
7198 3
7199 3
7200 2
7201 5
7202 5
7203 3
7204 4
7205 4
7206 5
7207 3
7208 1
7209 2
7210 3
7211 5
7212 4
7213 2
7214 5
7215 4
7216 2
7217 1
7218 2
7219 5
7220 1
7221 3
7222 5
7223 1
7224 5
7225 3
7226 2
7227 4
7228 4
7229 3
7230 5
7231 4
7232 2
7233 5
7234 3
7235 5
7236 3
7237 3
7238 4
7239 1
7240 1
7241 3
7242 4
7243 1
7244 1
7245 3
7246 3
7247 4
7248 2
7249 3
7250 2
7251 5
7252 1
7253 1
7254 5
7255 2
7256 4
7257 1
7258 4
7259 4
7260 3
7261 5
7262 5
7263 1
7264 2
7265 5
7266 1
7267 2
7268 3
7269 1
7270 4
7271 5
7272 1
7273 5
7274 2
7275 1
7276 3
7277 3
7278 1
7279 5
7280 1
7281 5
7282 1
7283 3
7284 5
7285 1
7286 3
7287 5
7288 2
7289 5
7290 1
7291 5
7292 2
7293 1
7294 5
7295 4
7296 5
7297 3
7298 3
7299 2
7300 1
7301 4
7302 1
7303 1
7304 1
7305 3
7306 5
7307 1
7308 1
7309 2
7310 3
7311 4
7312 2
7313 3
7314 4
7315 3
7316 3
7317 4
7318 3
7319 4
7320 1
7321 3
7322 3
7323 5
7324 4
7325 1
7326 5
7327 5
7328 5
7329 4
7330 5
7331 2
7332 4
7333 1
7334 1
7335 3
7336 5
7337 3
7338 1
7339 2
7340 3
7341 5
7342 5
7343 4
7344 3
7345 3
7346 2
7347 2
7348 3
7349 2
7350 2
7351 4
7352 2
7353 2
7354 3
7355 3
7356 4
7357 2
7358 5
7359 2
7360 5
7361 2
7362 1
7363 1
7364 4
7365 1
7366 2
7367 2
7368 5
7369 2
7370 4
7371 4
7372 1
7373 1
7374 5
7375 5
7376 3
7377 4
7378 5
7379 3
7380 4
7381 5
7382 1
7383 2
7384 4
7385 3
7386 2
7387 1
7388 2
7389 2
7390 3
7391 4
7392 1
7393 1
7394 5
7395 2
7396 5
7397 3
7398 3
7399 5
7400 1
7401 4
7402 4
7403 3
7404 2
7405 2
7406 4
7407 3
7408 4
7409 5
7410 5
7411 4
7412 2
7413 4
7414 2
7415 4
7416 4
7417 2
7418 3
7419 3
7420 4
7421 2
7422 3
7423 3
7424 2
7425 2
7426 3
7427 1
7428 2
7429 3
7430 3
7431 4
7432 4
7433 2
7434 5
7435 3
7436 5
7437 1
7438 1
7439 1
7440 2
7441 5
7442 5
7443 5
7444 4
7445 3
7446 5
7447 1
7448 2
7449 3
7450 5
7451 3
7452 3
7453 5
7454 2
7455 2
7456 1
7457 5
7458 3
7459 5
7460 5
7461 3
7462 5
7463 5
7464 4
7465 4
7466 1
7467 2
7468 2
7469 5
7470 2
7471 3
7472 3
7473 2
7474 1
7475 1
7476 3
7477 1
7478 4
7479 4
7480 1
7481 2
7482 3
7483 4
7484 3
7485 2
7486 2
7487 1
7488 5
7489 3
7490 1
7491 3
7492 2
7493 1
7494 3
7495 1
7496 1
7497 5
7498 4
7499 3
7500 5
7501 5
7502 5
7503 2
7504 3
7505 1
7506 4
7507 1
7508 4
7509 3
7510 5
7511 5
7512 4
7513 2
7514 5
7515 5
7516 4
7517 2
7518 2
7519 2
7520 3
7521 4
7522 5
7523 4
7524 2
7525 3
7526 5
7527 4
7528 4
7529 3
7530 4
7531 5
7532 5
7533 2
7534 3
7535 1
7536 3
7537 3
7538 1
7539 1
7540 3
7541 4
7542 3
7543 5
7544 4
7545 5
7546 5
7547 4
7548 4
7549 4
7550 1
7551 5
7552 5
7553 5
7554 5
7555 3
7556 5
7557 5
7558 5
7559 5
7560 1
7561 1
7562 4
7563 1
7564 5
7565 2
7566 1
7567 4
7568 3
7569 3
7570 3
7571 4
7572 3
7573 4
7574 2
7575 3
7576 1
7577 1
7578 4
7579 2
7580 1
7581 5
7582 4
7583 4
7584 2
7585 2
7586 1
7587 3
7588 2
7589 1
7590 1
7591 5
7592 3
7593 2
7594 3
7595 4
7596 1
7597 2
7598 3
7599 3
7600 3
7601 4
7602 3
7603 2
7604 2
7605 5
7606 3
7607 2
7608 3
7609 4
7610 1
7611 1
7612 4
7613 5
7614 4
7615 3
7616 1
7617 5
7618 3
7619 3
7620 4
7621 3
7622 1
7623 1
7624 2
7625 2
7626 2
7627 3
7628 5
7629 3
7630 5
7631 3
7632 3
7633 2
7634 2
7635 4
7636 3
7637 5
7638 1
7639 4
7640 5
7641 3
7642 5
7643 2
7644 5
7645 1
7646 1
7647 5
7648 3
7649 3
7650 4
7651 2
7652 1
7653 2
7654 2
7655 4
7656 2
7657 2
7658 3
7659 2
7660 1
7661 3
7662 2
7663 1
7664 1
7665 4
7666 5
7667 5
7668 4
7669 2
7670 1
7671 1
7672 3
7673 3
7674 1
7675 2
7676 3
7677 5
7678 2
7679 5
7680 3
7681 5
7682 1
7683 3
7684 3
7685 1
7686 2
7687 2
7688 1
7689 4
7690 4
7691 2
7692 5
7693 3
7694 2
7695 3
7696 3
7697 1
7698 2
7699 4
7700 5
7701 5
7702 5
7703 3
7704 3
7705 2
7706 1
7707 1
7708 4
7709 1
7710 3
7711 4
7712 3
7713 3
7714 3
7715 5
7716 1
7717 2
7718 1
7719 5
7720 1
7721 2
7722 1
7723 4
7724 4
7725 1
7726 1
7727 1
7728 1
7729 5
7730 4
7731 1
7732 3
7733 5
7734 2
7735 1
7736 3
7737 5
7738 4
7739 5
7740 4
7741 3
7742 3
7743 1
7744 1
7745 2
7746 5
7747 2
7748 5
7749 1
7750 3
7751 5
7752 4
7753 1
7754 3
7755 2
7756 2
7757 2
7758 2
7759 1
7760 2
7761 4
7762 5
7763 4
7764 5
7765 3
7766 4
7767 5
7768 5
7769 5
7770 1
7771 3
7772 1
7773 3
7774 1
7775 1
7776 4
7777 1
7778 2
7779 3
7780 1
7781 3
7782 5
7783 5
7784 3
7785 3
7786 2
7787 4
7788 3
7789 4
7790 4
7791 4
7792 1
7793 4
7794 4
7795 5
7796 2
7797 3
7798 2
7799 5
7800 1
7801 5
7802 5
7803 3
7804 2
7805 1
7806 5
7807 2
7808 3
7809 4
7810 1
7811 5
7812 4
7813 5
7814 3
7815 2
7816 5
7817 4
7818 1
7819 3
7820 1
7821 4
7822 5
7823 5
7824 2
7825 1
7826 2
7827 4
7828 2
7829 3
7830 2
7831 4
7832 5
7833 2
7834 2
7835 3
7836 2
7837 1
7838 2
7839 5
7840 2
7841 1
7842 1
7843 4
7844 1
7845 3
7846 3
7847 3
7848 3
7849 1
7850 1
7851 2
7852 5
7853 3
7854 1
7855 5
7856 3
7857 3
7858 5
7859 5
7860 4
7861 2
7862 1
7863 4
7864 3
7865 5
7866 5
7867 1
7868 1
7869 4
7870 3
7871 4
7872 5
7873 1
7874 4
7875 1
7876 2
7877 1
7878 3
7879 2
7880 5
7881 2
7882 2
7883 5
7884 3
7885 2
7886 1
7887 1
7888 4
7889 2
7890 2
7891 5
7892 3
7893 4
7894 3
7895 3
7896 1
7897 5
7898 2
7899 2
7900 2
7901 3
7902 2
7903 4
7904 3
7905 5
7906 5
7907 5
7908 2
7909 1
7910 1
7911 4
7912 4
7913 3
7914 1
7915 4
7916 5
7917 5
7918 1
7919 4
7920 3
7921 1
7922 1
7923 2
7924 4
7925 1
7926 5
7927 1
7928 5
7929 1
7930 1
7931 1
7932 4
7933 5
7934 4
7935 1
7936 5
7937 1
7938 4
7939 4
7940 4
7941 1
7942 5
7943 1
7944 5
7945 2
7946 1
7947 3
7948 2
7949 1
7950 2
7951 5
7952 1
7953 2
7954 4
7955 5
7956 3
7957 1
7958 5
7959 2
7960 2
7961 5
7962 1
7963 1
7964 3
7965 2
7966 4
7967 5
7968 3
7969 4
7970 2
7971 3
7972 4
7973 1
7974 4
7975 1
7976 5
7977 2
7978 3
7979 3
7980 4
7981 4
7982 5
7983 4
7984 1
7985 4
7986 2
7987 2
7988 2
7989 5
7990 1
7991 5
7992 1
7993 3
7994 4
7995 3
7996 4
7997 1
7998 4
7999 4
8000 2
8001 2
8002 3
8003 1
8004 5
8005 3
8006 4
8007 5
8008 3
8009 5
8010 5
8011 5
8012 3
8013 4
8014 3
8015 4
8016 5
8017 5
8018 4
8019 4
8020 3
8021 2
8022 3
8023 3
8024 1
8025 4
8026 2
8027 2
8028 4
8029 4
8030 1
8031 3
8032 4
8033 2
8034 5
8035 3
8036 5
8037 5
8038 1
8039 4
8040 2
8041 3
8042 5
8043 3
8044 3
8045 5
8046 3
8047 3
8048 1
8049 4
8050 4
8051 5
8052 1
8053 2
8054 3
8055 5
8056 1
8057 5
8058 3
8059 1
8060 5
8061 1
8062 4
8063 2
8064 1
8065 3
8066 2
8067 2
8068 3
8069 4
8070 5
8071 3
8072 1
8073 1
8074 3
8075 2
8076 1
8077 4
8078 2
8079 2
8080 3
8081 5
8082 4
8083 5
8084 3
8085 4
8086 1
8087 2
8088 4
8089 4
8090 1
8091 4
8092 3
8093 2
8094 2
8095 5
8096 3
8097 3
8098 1
8099 4
8100 5
8101 2
8102 2
8103 1
8104 2
8105 1
8106 3
8107 2
8108 1
8109 1
8110 5
8111 1
8112 1
8113 2
8114 1
8115 1
8116 5
8117 5
8118 4
8119 1
8120 1
8121 3
8122 2
8123 5
8124 5
8125 2
8126 5
8127 1
8128 2
8129 5
8130 1
8131 3
8132 3
8133 5
8134 1
8135 1
8136 4
8137 3
8138 2
8139 4
8140 5
8141 2
8142 5
8143 5
8144 3
8145 1
8146 1
8147 1
8148 2
8149 1
8150 5
8151 1
8152 4
8153 5
8154 1
8155 5
8156 1
8157 3
8158 2
8159 3
8160 3
8161 3
8162 3
8163 3
8164 2
8165 1
8166 1
8167 3
8168 5
8169 2
8170 3
8171 3
8172 3
8173 3
8174 2
8175 1
8176 2
8177 1
8178 5
8179 4
8180 5
8181 5
8182 4
8183 1
8184 3
8185 4
8186 2
8187 3
8188 1
8189 3
8190 4
8191 5
8192 5
8193 3
8194 5
8195 5
8196 3
8197 2
8198 4
8199 1
8200 4
8201 2
8202 2
8203 5
8204 4
8205 3
8206 3
8207 1
8208 2
8209 3
8210 2
8211 4
8212 3
8213 3
8214 2
8215 3
8216 3
8217 2
8218 2
8219 2
8220 4
8221 4
8222 1
8223 5
8224 2
8225 2
8226 4
8227 5
8228 4
8229 5
8230 2
8231 3
8232 3
8233 3
8234 2
8235 4
8236 5
8237 3
8238 4
8239 4
8240 4
8241 2
8242 1
8243 3
8244 1
8245 3
8246 5
8247 5
8248 3
8249 5
8250 1
8251 4
8252 5
8253 2
8254 1
8255 2
8256 3
8257 1
8258 5
8259 1
8260 1
8261 1
8262 4
8263 1
8264 3
8265 1
8266 5
8267 4
8268 5
8269 1
8270 1
8271 1
8272 1
8273 1
8274 3
8275 4
8276 2
8277 3
8278 1
8279 2
8280 3
8281 1
8282 4
8283 3
8284 4
8285 5
8286 5
8287 3
8288 4
8289 2
8290 3
8291 1
8292 3
8293 5
8294 5
8295 4
8296 5
8297 3
8298 4
8299 4
8300 1
8301 3
8302 4
8303 1
8304 2
8305 4
8306 1
8307 5
8308 2
8309 3
8310 1
8311 5
8312 5
8313 4
8314 5
8315 5
8316 4
8317 3
8318 3
8319 1
8320 1
8321 5
8322 4
8323 4
8324 1
8325 1
8326 2
8327 2
8328 5
8329 5
8330 4
8331 2
8332 4
8333 4
8334 1
8335 5
8336 3
8337 2
8338 4
8339 1
8340 3
8341 4
8342 2
8343 1
8344 2
8345 3
8346 3
8347 5
8348 1
8349 5
8350 4
8351 4
8352 5
8353 2
8354 3
8355 5
8356 1
8357 5
8358 4
8359 5
8360 2
8361 2
8362 2
8363 3
8364 2
8365 3
8366 4
8367 2
8368 2
8369 5
8370 5
8371 1
8372 5
8373 1
8374 5
8375 3
8376 3
8377 2
8378 5
8379 1
8380 2
8381 3
8382 5
8383 5
8384 2
8385 5
8386 2
8387 1
8388 2
8389 5
8390 2
8391 5
8392 3
8393 3
8394 3
8395 5
8396 2
8397 3
8398 3
8399 1
8400 3
8401 1
8402 5
8403 2
8404 3
8405 5
8406 4
8407 3
8408 1
8409 4
8410 5
8411 2
8412 1
8413 1
8414 2
8415 4
8416 3
8417 1
8418 2
8419 3
8420 5
8421 2
8422 2
8423 1
8424 2
8425 5
8426 5
8427 3
8428 2
8429 3
8430 4
8431 1
8432 4
8433 3
8434 3
8435 1
8436 5
8437 2
8438 1
8439 2
8440 1
8441 4
8442 5
8443 3
8444 5
8445 3
8446 5
8447 5
8448 5
8449 1
8450 4
8451 5
8452 4
8453 4
8454 3
8455 4
8456 3
8457 4
8458 3
8459 1
8460 2
8461 5
8462 1
8463 4
8464 3
8465 1
8466 4
8467 1
8468 5
8469 4
8470 4
8471 5
8472 2
8473 1
8474 2
8475 5
8476 3
8477 2
8478 4
8479 4
8480 4
8481 2
8482 4
8483 4
8484 1
8485 2
8486 2
8487 1
8488 1
8489 5
8490 3
8491 4
8492 5
8493 3
8494 4
8495 5
8496 5
8497 4
8498 1
8499 3
8500 5
8501 1
8502 2
8503 2
8504 4
8505 2
8506 2
8507 2
8508 1
8509 2
8510 2
8511 1
8512 5
8513 4
8514 4
8515 5
8516 1
8517 5
8518 2
8519 3
8520 4
8521 3
8522 3
8523 3
8524 2
8525 1
8526 1
8527 1
8528 2
8529 1
8530 2
8531 5
8532 4
8533 3
8534 4
8535 5
8536 4
8537 5
8538 1
8539 4
8540 3
8541 1
8542 3
8543 4
8544 5
8545 3
8546 1
8547 2
8548 3
8549 2
8550 2
8551 4
8552 2
8553 3
8554 3
8555 5
8556 1
8557 3
8558 4
8559 3
8560 5
8561 1
8562 4
8563 5
8564 4
8565 5
8566 1
8567 4
8568 3
8569 2
8570 4
8571 1
8572 5
8573 1
8574 5
8575 4
8576 5
8577 4
8578 4
8579 1
8580 2
8581 3
8582 5
8583 4
8584 4
8585 3
8586 5
8587 5
8588 5
8589 2
8590 3
8591 2
8592 4
8593 1
8594 2
8595 4
8596 3
8597 2
8598 1
8599 5
8600 5
8601 2
8602 1
8603 4
8604 5
8605 5
8606 3
8607 3
8608 3
8609 1
8610 3
8611 1
8612 4
8613 2
8614 4
8615 1
8616 1
8617 5
8618 1
8619 1
8620 3
8621 5
8622 5
8623 3
8624 3
8625 3
8626 5
8627 4
8628 4
8629 2
8630 3
8631 3
8632 3
8633 1
8634 2
8635 5
8636 3
8637 1
8638 2
8639 4
8640 3
8641 4
8642 1
8643 4
8644 3
8645 5
8646 2
8647 2
8648 5
8649 5
8650 1
8651 5
8652 1
8653 5
8654 1
8655 2
8656 2
8657 3
8658 5
8659 3
8660 4
8661 1
8662 3
8663 5
8664 5
8665 3
8666 5
8667 5
8668 3
8669 5
8670 5
8671 1
8672 3
8673 2
8674 4
8675 2
8676 1
8677 1
8678 3
8679 2
8680 4
8681 3
8682 4
8683 5
8684 5
8685 3
8686 5
8687 3
8688 5
8689 5
8690 3
8691 4
8692 1
8693 2
8694 2
8695 1
8696 1
8697 2
8698 5
8699 1
8700 5
8701 1
8702 2
8703 2
8704 3
8705 4
8706 3
8707 3
8708 3
8709 5
8710 3
8711 1
8712 5
8713 5
8714 1
8715 5
8716 2
8717 4
8718 5
8719 4
8720 1
8721 2
8722 2
8723 5
8724 4
8725 1
8726 4
8727 2
8728 5
8729 4
8730 4
8731 4
8732 4
8733 4
8734 1
8735 4
8736 1
8737 4
8738 2
8739 4
8740 2
8741 1
8742 5
8743 2
8744 3
8745 1
8746 3
8747 1
8748 2
8749 1
8750 5
8751 1
8752 4
8753 3
8754 4
8755 2
8756 5
8757 4
8758 5
8759 4
8760 3
8761 1
8762 4
8763 1
8764 3
8765 2
8766 4
8767 4
8768 2
8769 1
8770 2
8771 5
8772 4
8773 3
8774 4
8775 4
8776 1
8777 1
8778 4
8779 3
8780 4
8781 2
8782 3
8783 3
8784 4
8785 2
8786 3
8787 2
8788 3
8789 1
8790 5
8791 3
8792 3
8793 5
8794 3
8795 4
8796 5
8797 3
8798 4
8799 3
8800 5
8801 4
8802 2
8803 4
8804 5
8805 2
8806 2
8807 4
8808 4
8809 2
8810 2
8811 4
8812 1
8813 5
8814 2
8815 4
8816 5
8817 4
8818 1
8819 1
8820 4
8821 3
8822 4
8823 1
8824 4
8825 1
8826 3
8827 2
8828 1
8829 5
8830 1
8831 4
8832 5
8833 1
8834 3
8835 2
8836 1
8837 4
8838 2
8839 2
8840 2
8841 3
8842 2
8843 2
8844 4
8845 4
8846 1
8847 3
8848 2
8849 5
8850 4
8851 4
8852 3
8853 3
8854 3
8855 1
8856 4
8857 2
8858 2
8859 4
8860 4
8861 4
8862 3
8863 1
8864 4
8865 5
8866 5
8867 3
8868 3
8869 1
8870 1
8871 1
8872 1
8873 4
8874 3
8875 1
8876 5
8877 2
8878 4
8879 1
8880 3
8881 2
8882 3
8883 2
8884 4
8885 4
8886 3
8887 3
8888 4
8889 5
8890 1
8891 4
8892 3
8893 5
8894 4
8895 1
8896 5
8897 5
8898 1
8899 5
8900 2
8901 5
8902 3
8903 5
8904 1
8905 4
8906 1
8907 3
8908 2
8909 2
8910 5
8911 3
8912 5
8913 1
8914 5
8915 4
8916 2
8917 5
8918 5
8919 2
8920 2
8921 4
8922 2
8923 2
8924 1
8925 5
8926 3
8927 5
8928 4
8929 5
8930 1
8931 3
8932 1
8933 3
8934 2
8935 5
8936 1
8937 2
8938 4
8939 4
8940 4
8941 1
8942 5
8943 3
8944 1
8945 1
8946 3
8947 2
8948 3
8949 2
8950 4
8951 3
8952 5
8953 4
8954 4
8955 2
8956 4
8957 1
8958 2
8959 5
8960 1
8961 3
8962 3
8963 3
8964 4
8965 2
8966 1
8967 5
8968 5
8969 2
8970 2
8971 5
8972 5
8973 1
8974 5
8975 3
8976 2
8977 2
8978 2
8979 1
8980 2
8981 2
8982 2
8983 5
8984 4
8985 4
8986 3
8987 1
8988 4
8989 4
8990 5
8991 3
8992 2
8993 4
8994 1
8995 3
8996 5
8997 5
8998 2
8999 4
9000 2
9001 3
9002 2
9003 1
9004 2
9005 1
9006 3
9007 1
9008 4
9009 5
9010 1
9011 2
9012 5
9013 2
9014 5
9015 1
9016 3
9017 5
9018 5
9019 4
9020 1
9021 4
9022 3
9023 1
9024 2
9025 2
9026 4
9027 4
9028 4
9029 2
9030 3
9031 1
9032 4
9033 5
9034 1
9035 2
9036 4
9037 2
9038 1
9039 5
9040 3
9041 1
9042 1
9043 3
9044 4
9045 2
9046 2
9047 3
9048 3
9049 1
9050 3
9051 1
9052 3
9053 2
9054 4
9055 4
9056 1
9057 1
9058 4
9059 5
9060 3
9061 3
9062 3
9063 5
9064 4
9065 1
9066 1
9067 2
9068 2
9069 3
9070 4
9071 5
9072 2
9073 4
9074 3
9075 3
9076 5
9077 3
9078 2
9079 5
9080 4
9081 3
9082 4
9083 1
9084 1
9085 5
9086 5
9087 2
9088 5
9089 3
9090 1
9091 3
9092 5
9093 1
9094 4
9095 4
9096 5
9097 4
9098 2
9099 3
9100 1
9101 1
9102 2
9103 3
9104 1
9105 2
9106 4
9107 5
9108 5
9109 1
9110 5
9111 5
9112 3
9113 4
9114 1
9115 2
9116 3
9117 1
9118 3
9119 1
9120 1
9121 4
9122 3
9123 5
9124 2
9125 3
9126 3
9127 3
9128 2
9129 4
9130 2
9131 1
9132 2
9133 2
9134 4
9135 2
9136 5
9137 1
9138 5
9139 3
9140 1
9141 1
9142 4
9143 1
9144 4
9145 4
9146 4
9147 3
9148 2
9149 2
9150 4
9151 3
9152 4
9153 2
9154 1
9155 4
9156 4
9157 3
9158 4
9159 3
9160 4
9161 3
9162 4
9163 1
9164 2
9165 4
9166 3
9167 2
9168 1
9169 1
9170 1
9171 2
9172 5
9173 2
9174 4
9175 2
9176 2
9177 5
9178 2
9179 5
9180 1
9181 1
9182 4
9183 4
9184 1
9185 2
9186 1
9187 2
9188 3
9189 4
9190 3
9191 4
9192 3
9193 2
9194 2
9195 2
9196 1
9197 5
9198 3
9199 3
9200 3
9201 4
9202 5
9203 3
9204 2
9205 2
9206 4
9207 5
9208 2
9209 4
9210 3
9211 4
9212 5
9213 1
9214 5
9215 2
9216 5
9217 5
9218 3
9219 1
9220 4
9221 2
9222 1
9223 4
9224 2
9225 2
9226 3
9227 2
9228 4
9229 3
9230 1
9231 5
9232 4
9233 2
9234 4
9235 5
9236 3
9237 4
9238 3
9239 3
9240 4
9241 3
9242 4
9243 1
9244 1
9245 4
9246 3
9247 2
9248 1
9249 3
9250 3
9251 2
9252 4
9253 3
9254 1
9255 5
9256 2
9257 4
9258 3
9259 5
9260 4
9261 5
9262 1
9263 5
9264 5
9265 2
9266 5
9267 5
9268 5
9269 5
9270 2
9271 5
9272 4
9273 4
9274 4
9275 2
9276 2
9277 4
9278 5
9279 5
9280 4
9281 3
9282 2
9283 5
9284 3
9285 4
9286 4
9287 2
9288 4
9289 1
9290 1
9291 3
9292 5
9293 1
9294 4
9295 2
9296 4
9297 1
9298 5
9299 4
9300 2
9301 3
9302 3
9303 2
9304 4
9305 3
9306 1
9307 1
9308 5
9309 5
9310 1
9311 5
9312 5
9313 1
9314 1
9315 4
9316 4
9317 2
9318 1
9319 1
9320 2
9321 3
9322 5
9323 4
9324 1
9325 1
9326 4
9327 5
9328 2
9329 1
9330 5
9331 1
9332 4
9333 4
9334 5
9335 1
9336 3
9337 3
9338 5
9339 2
9340 3
9341 1
9342 5
9343 4
9344 3
9345 1
9346 3
9347 2
9348 5
9349 4
9350 1
9351 1
9352 1
9353 3
9354 1
9355 4
9356 5
9357 5
9358 4
9359 5
9360 4
9361 5
9362 1
9363 1
9364 2
9365 5
9366 3
9367 3
9368 2
9369 4
9370 4
9371 1
9372 5
9373 2
9374 4
9375 4
9376 4
9377 4
9378 4
9379 3
9380 1
9381 5
9382 1
9383 4
9384 4
9385 2
9386 2
9387 3
9388 3
9389 4
9390 2
9391 5
9392 1
9393 5
9394 1
9395 3
9396 4
9397 2
9398 2
9399 3
9400 4
9401 5
9402 3
9403 1
9404 2
9405 2
9406 4
9407 1
9408 1
9409 3
9410 3
9411 2
9412 2
9413 2
9414 1
9415 2
9416 4
9417 1
9418 4
9419 5
9420 4
9421 4
9422 5
9423 1
9424 1
9425 4
9426 4
9427 5
9428 5
9429 4
9430 5
9431 3
9432 4
9433 3
9434 1
9435 2
9436 3
9437 5
9438 1
9439 1
9440 4
9441 1
9442 2
9443 1
9444 2
9445 3
9446 2
9447 5
9448 5
9449 4
9450 2
9451 2
9452 3
9453 5
9454 4
9455 2
9456 2
9457 1
9458 3
9459 1
9460 4
9461 2
9462 1
9463 3
9464 1
9465 5
9466 4
9467 4
9468 5
9469 4
9470 4
9471 2
9472 4
9473 4
9474 3
9475 1
9476 4
9477 3
9478 2
9479 5
9480 2
9481 3
9482 3
9483 2
9484 5
9485 1
9486 4
9487 2
9488 2
9489 5
9490 2
9491 2
9492 3
9493 3
9494 5
9495 5
9496 5
9497 5
9498 4
9499 3
9500 5
9501 4
9502 2
9503 1
9504 3
9505 1
9506 1
9507 3
9508 1
9509 5
9510 2
9511 4
9512 1
9513 5
9514 3
9515 5
9516 1
9517 4
9518 3
9519 4
9520 3
9521 2
9522 3
9523 2
9524 2
9525 3
9526 3
9527 1
9528 5
9529 3
9530 3
9531 3
9532 1
9533 3
9534 2
9535 4
9536 3
9537 4
9538 2
9539 2
9540 2
9541 5
9542 2
9543 4
9544 4
9545 2
9546 1
9547 1
9548 4
9549 1
9550 5
9551 1
9552 5
9553 4
9554 4
9555 4
9556 5
9557 1
9558 3
9559 4
9560 3
9561 2
9562 3
9563 4
9564 3
9565 4
9566 2
9567 5
9568 2
9569 1
9570 5
9571 3
9572 5
9573 5
9574 5
9575 5
9576 5
9577 5
9578 1
9579 5
9580 4
9581 2
9582 1
9583 5
9584 4
9585 2
9586 1
9587 2
9588 5
9589 2
9590 3
9591 1
9592 4
9593 2
9594 1
9595 2
9596 5
9597 4
9598 3
9599 3
9600 3
9601 4
9602 5
9603 4
9604 3
9605 5
9606 5
9607 5
9608 2
9609 4
9610 2
9611 4
9612 1
9613 4
9614 3
9615 1
9616 1
9617 1
9618 2
9619 3
9620 4
9621 5
9622 4
9623 5
9624 4
9625 4
9626 4
9627 2
9628 1
9629 3
9630 2
9631 4
9632 4
9633 5
9634 5
9635 2
9636 4
9637 3
9638 5
9639 4
9640 4
9641 5
9642 3
9643 5
9644 3
9645 4
9646 1
9647 4
9648 1
9649 5
9650 4
9651 3
9652 1
9653 2
9654 4
9655 5
9656 3
9657 3
9658 5
9659 2
9660 1
9661 5
9662 2
9663 1
9664 2
9665 2
9666 3
9667 2
9668 5
9669 3
9670 1
9671 4
9672 4
9673 2
9674 2
9675 1
9676 4
9677 5
9678 3
9679 3
9680 4
9681 1
9682 1
9683 5
9684 1
9685 1
9686 1
9687 2
9688 5
9689 1
9690 1
9691 5
9692 4
9693 5
9694 1
9695 2
9696 5
9697 3
9698 5
9699 2
9700 2
9701 5
9702 3
9703 2
9704 2
9705 2
9706 3
9707 4
9708 3
9709 4
9710 1
9711 3
9712 5
9713 3
9714 2
9715 4
9716 2
9717 3
9718 3
9719 3
9720 5
9721 2
9722 1
9723 1
9724 1
9725 4
9726 4
9727 5
9728 2
9729 2
9730 3
9731 2
9732 3
9733 2
9734 2
9735 2
9736 1
9737 2
9738 5
9739 3
9740 5
9741 3
9742 5
9743 2
9744 4
9745 2
9746 2
9747 2
9748 2
9749 3
9750 5
9751 1
9752 5
9753 2
9754 4
9755 5
9756 2
9757 2
9758 5
9759 4
9760 3
9761 3
9762 1
9763 4
9764 5
9765 5
9766 1
9767 5
9768 2
9769 1
9770 4
9771 4
9772 4
9773 3
9774 2
9775 4
9776 1
9777 4
9778 3
9779 1
9780 1
9781 5
9782 2
9783 2
9784 5
9785 5
9786 4
9787 2
9788 1
9789 3
9790 3
9791 5
9792 1
9793 2
9794 5
9795 2
9796 2
9797 2
9798 3
9799 3
9800 2
9801 4
9802 5
9803 3
9804 2
9805 5
9806 4
9807 4
9808 1
9809 4
9810 3
9811 3
9812 4
9813 4
9814 2
9815 2
9816 1
9817 3
9818 3
9819 3
9820 2
9821 5
9822 5
9823 3
9824 2
9825 3
9826 1
9827 4
9828 3
9829 4
9830 2
9831 1
9832 4
9833 2
9834 4
9835 5
9836 2
9837 1
9838 5
9839 1
9840 1
9841 1
9842 2
9843 1
9844 3
9845 5
9846 2
9847 2
9848 3
9849 1
9850 3
9851 5
9852 5
9853 2
9854 5
9855 5
9856 3
9857 3
9858 2
9859 4
9860 5
9861 3
9862 2
9863 2
9864 2
9865 4
9866 4
9867 4
9868 3
9869 5
9870 2
9871 5
9872 4
9873 3
9874 1
9875 5
9876 4
9877 3
9878 1
9879 1
9880 3
9881 2
9882 1
9883 2
9884 5
9885 4
9886 1
9887 4
9888 2
9889 4
9890 2
9891 3
9892 1
9893 2
9894 1
9895 2
9896 5
9897 5
9898 3
9899 5
9900 5
9901 2
9902 2
9903 4
9904 4
9905 3
9906 4
9907 1
9908 4
9909 4
9910 2
9911 2
9912 4
9913 4
9914 4
9915 1
9916 4
9917 5
9918 4
9919 4
9920 3
9921 3
9922 1
9923 1
9924 1
9925 2
9926 1
9927 5
9928 5
9929 2
9930 1
9931 2
9932 4
9933 2
9934 1
9935 2
9936 5
9937 2
9938 4
9939 1
9940 1
9941 5
9942 5
9943 1
9944 5
9945 2
9946 2
9947 5
9948 5
9949 4
9950 1
9951 3
9952 3
9953 5
9954 3
9955 3
9956 5
9957 5
9958 4
9959 4
9960 1
9961 3
9962 2
9963 1
9964 1
9965 3
9966 4
9967 4
9968 4
9969 5
9970 1
9971 2
9972 1
9973 4
9974 4
9975 2
9976 4
9977 1
9978 5
9979 5
9980 4
9981 2
9982 1
9983 3
9984 5
9985 3
9986 5
9987 2
9988 3
9989 5
9990 2
9991 3
9992 4
9993 1
9994 2
9995 2
9996 1
9997 3
9998 5
9999 1
10000 1
