3
5
1 7 2 5 6 10 6
2 16 1 8 2 10 3
3 8 7 4 10 5 9
10000
1 5
2 4
3 2
4 3
5 2
6 1
7 1
8 3
9 5
10 3
11 1
12 5
13 2
14 5
15 4
16 5
17 1
18 3
19 3
20 4
21 2
22 1
23 4
24 4
25 3
26 3
27 4
28 4
29 4
30 1
31 3
32 4
33 4
34 1
35 4
36 3
37 5
38 2
39 2
40 5
41 2
42 5
43 4
44 2
45 4
46 4
47 4
48 2
49 1
50 4
51 5
52 5
53 2
54 4
55 4
56 4
57 3
58 4
59 4
60 3
61 5
62 1
63 1
64 5
65 4
66 3
67 1
68 1
69 4
70 3
71 4
72 1
73 3
74 2
75 1
76 5
77 5
78 2
79 5
80 1
81 1
82 1
83 1
84 1
85 5
86 5
87 2
88 4
89 2
90 1
91 2
92 3
93 4
94 5
95 1
96 2
97 1
98 5
99 2
100 5
101 2
102 1
103 1
104 2
105 5
106 4
107 5
108 4
109 3
110 2
111 1
112 4
113 4
114 2
115 3
116 5
117 2
118 3
119 4
120 1
121 4
122 2
123 5
124 2
125 5
126 5
127 5
128 2
129 1
130 5
131 5
132 1
133 5
134 2
135 5
136 5
137 4
138 5
139 5
140 3
141 2
142 1
143 2
144 5
145 3
146 1
147 2
148 2
149 3
150 2
151 2
152 5
153 2
154 4
155 2
156 5
157 4
158 4
159 2
160 1
161 2
162 4
163 2
164 2
165 1
166 1
167 1
168 1
169 5
170 5
171 4
172 2
173 5
174 3
175 5
176 2
177 2
178 5
179 4
180 2
181 1
182 2
183 5
184 5
185 2
186 4
187 1
188 2
189 2
190 4
191 5
192 2
193 3
194 4
195 5
196 5
197 1
198 2
199 4
200 3
201 2
202 4
203 2
204 2
205 4
206 4
207 5
208 3
209 1
210 2
211 2
212 2
213 1
214 4
215 1
216 2
217 3
218 5
219 5
220 3
221 4
222 4
223 3
224 2
225 2
226 2
227 4
228 4
229 4
230 3
231 4
232 2
233 1
234 1
235 5
236 3
237 3
238 1
239 2
240 4
241 2
242 3
243 1
244 3
245 1
246 4
247 3
248 3
249 2
250 2
251 4
252 4
253 4
254 2
255 5
256 1
257 4
258 3
259 3
260 1
261 5
262 2
263 5
264 1
265 5
266 5
267 2
268 4
269 5
270 2
271 4
272 4
273 3
274 1
275 1
276 4
277 5
278 2
279 4
280 2
281 5
282 3
283 1
284 1
285 3
286 5
287 1
288 3
289 5
290 5
291 5
292 1
293 2
294 1
295 2
296 1
297 5
298 4
299 4
300 4
301 1
302 2
303 5
304 1
305 5
306 3
307 2
308 3
309 4
310 5
311 5
312 4
313 2
314 3
315 2
316 5
317 2
318 2
319 3
320 1
321 4
322 1
323 5
324 1
325 5
326 1
327 5
328 3
329 2
330 3
331 3
332 5
333 3
334 1
335 5
336 3
337 5
338 1
339 3
340 1
341 2
342 1
343 4
344 1
345 4
346 3
347 4
348 2
349 1
350 3
351 4
352 1
353 4
354 1
355 5
356 1
357 5
358 5
359 2
360 1
361 4
362 3
363 5
364 2
365 5
366 3
367 1
368 2
369 5
370 3
371 1
372 1
373 2
374 4
375 4
376 5
377 4
378 1
379 4
380 2
381 4
382 1
383 2
384 5
385 4
386 4
387 3
388 5
389 2
390 5
391 4
392 5
393 2
394 2
395 2
396 3
397 4
398 4
399 4
400 2
401 2
402 3
403 1
404 1
405 3
406 5
407 5
408 1
409 1
410 5
411 2
412 4
413 3
414 5
415 1
416 3
417 1
418 4
419 2
420 1
421 4
422 4
423 2
424 1
425 4
426 5
427 4
428 5
429 3
430 3
431 3
432 1
433 1
434 1
435 4
436 4
437 4
438 1
439 1
440 5
441 5
442 5
443 5
444 5
445 3
446 4
447 5
448 2
449 2
450 4
451 5
452 1
453 3
454 3
455 5
456 2
457 5
458 1
459 4
460 3
461 1
462 4
463 3
464 2
465 4
466 4
467 5
468 5
469 3
470 4
471 4
472 4
473 4
474 1
475 1
476 4
477 5
478 3
479 4
480 3
481 5
482 3
483 2
484 2
485 5
486 3
487 1
488 1
489 4
490 5
491 4
492 4
493 2
494 2
495 2
496 2
497 5
498 2
499 2
500 2
501 3
502 3
503 4
504 4
505 4
506 5
507 4
508 3
509 3
510 2
511 5
512 1
513 2
514 1
515 1
516 2
517 4
518 1
519 2
520 1
521 3
522 3
523 4
524 2
525 2
526 1
527 2
528 4
529 1
530 5
531 3
532 2
533 2
534 5
535 5
536 1
537 5
538 5
539 4
540 2
541 5
542 5
543 3
544 4
545 3
546 3
547 1
548 3
549 4
550 4
551 3
552 3
553 1
554 5
555 5
556 4
557 1
558 4
559 4
560 4
561 4
562 3
563 2
564 4
565 1
566 3
567 5
568 5
569 5
570 2
571 5
572 2
573 3
574 4
575 3
576 1
577 3
578 5
579 4
580 2
581 5
582 3
583 3
584 4
585 5
586 4
587 5
588 5
589 2
590 1
591 4
592 3
593 4
594 2
595 4
596 3
597 3
598 3
599 5
600 1
601 3
602 1
603 5
604 1
605 2
606 5
607 1
608 3
609 1
610 4
611 4
612 4
613 1
614 5
615 4
616 3
617 5
618 4
619 3
620 2
621 3
622 3
623 4
624 5
625 5
626 5
627 4
628 3
629 5
630 1
631 4
632 1
633 3
634 3
635 2
636 5
637 1
638 5
639 4
640 5
641 5
642 5
643 1
644 5
645 3
646 3
647 1
648 4
649 5
650 3
651 5
652 1
653 2
654 3
655 1
656 4
657 5
658 2
659 1
660 2
661 1
662 1
663 1
664 3
665 4
666 2
667 3
668 5
669 3
670 4
671 2
672 3
673 4
674 2
675 5
676 2
677 5
678 3
679 2
680 1
681 1
682 3
683 4
684 3
685 1
686 3
687 5
688 2
689 4
690 1
691 1
692 2
693 4
694 3
695 1
696 4
697 5
698 1
699 2
700 4
701 2
702 2
703 2
704 5
705 4
706 5
707 3
708 2
709 5
710 5
711 4
712 2
713 4
714 3
715 2
716 2
717 4
718 4
719 5
720 3
721 1
722 1
723 3
724 1
725 4
726 1
727 1
728 4
729 5
730 2
731 2
732 4
733 5
734 1
735 4
736 1
737 5
738 3
739 2
740 2
741 4
742 1
743 2
744 4
745 5
746 4
747 2
748 2
749 5
750 1
751 5
752 2
753 5
754 5
755 3
756 2
757 4
758 5
759 3
760 1
761 3
762 4
763 4
764 3
765 2
766 3
767 1
768 5
769 2
770 4
771 5
772 4
773 1
774 2
775 2
776 3
777 3
778 4
779 1
780 5
781 1
782 5
783 5
784 1
785 5
786 3
787 2
788 2
789 3
790 4
791 3
792 4
793 5
794 1
795 5
796 1
797 3
798 4
799 1
800 4
801 5
802 3
803 2
804 1
805 2
806 5
807 5
808 4
809 2
810 5
811 5
812 1
813 3
814 3
815 2
816 4
817 1
818 2
819 3
820 1
821 2
822 1
823 4
824 3
825 5
826 5
827 3
828 1
829 5
830 1
831 3
832 2
833 3
834 1
835 3
836 5
837 5
838 5
839 3
840 5
841 3
842 2
843 2
844 1
845 3
846 1
847 2
848 2
849 1
850 1
851 5
852 1
853 4
854 5
855 1
856 1
857 3
858 1
859 4
860 4
861 4
862 4
863 5
864 5
865 5
866 1
867 4
868 1
869 3
870 3
871 4
872 1
873 5
874 2
875 1
876 2
877 4
878 1
879 5
880 5
881 1
882 1
883 4
884 2
885 3
886 4
887 2
888 1
889 4
890 5
891 3
892 4
893 5
894 2
895 3
896 3
897 2
898 3
899 2
900 2
901 4
902 5
903 3
904 5
905 1
906 5
907 2
908 4
909 5
910 1
911 3
912 1
913 5
914 2
915 1
916 3
917 5
918 5
919 2
920 1
921 4
922 2
923 1
924 3
925 2
926 2
927 3
928 4
929 5
930 2
931 3
932 3
933 4
934 1
935 4
936 5
937 3
938 5
939 4
940 2
941 1
942 2
943 3
944 2
945 3
946 3
947 5
948 1
949 5
950 1
951 2
952 2
953 1
954 2
955 5
956 5
957 3
958 3
959 4
960 3
961 4
962 3
963 1
964 4
965 3
966 4
967 2
968 1
969 3
970 5
971 5
972 3
973 3
974 1
975 4
976 4
977 3
978 2
979 2
980 2
981 1
982 4
983 2
984 4
985 2
986 1
987 3
988 3
989 1
990 2
991 3
992 5
993 1
994 3
995 2
996 1
997 5
998 5
999 4
1000 4
1001 1
1002 5
1003 1
1004 1
1005 2
1006 3
1007 4
1008 3
1009 2
1010 1
1011 1
1012 1
1013 3
1014 1
1015 3
1016 3
1017 4
1018 5
1019 2
1020 5
1021 2
1022 1
1023 5
1024 2
1025 1
1026 2
1027 3
1028 2
1029 5
1030 1
1031 1
1032 2
1033 3
1034 1
1035 5
1036 1
1037 4
1038 1
1039 5
1040 4
1041 3
1042 4
1043 2
1044 3
1045 4
1046 1
1047 2
1048 5
1049 5
1050 5
1051 3
1052 1
1053 2
1054 3
1055 4
1056 2
1057 4
1058 1
1059 4
1060 1
1061 5
1062 2
1063 5
1064 2
1065 2
1066 1
1067 1
1068 5
1069 4
1070 1
1071 2
1072 4
1073 3
1074 1
1075 3
1076 4
1077 4
1078 5
1079 2
1080 4
1081 4
1082 2
1083 1
1084 5
1085 5
1086 2
1087 4
1088 5
1089 2
1090 3
1091 2
1092 3
1093 5
1094 4
1095 4
1096 3
1097 4
1098 5
1099 4
1100 4
1101 2
1102 1
1103 1
1104 1
1105 5
1106 4
1107 2
1108 1
1109 1
1110 2
1111 5
1112 4
1113 5
1114 1
1115 5
1116 3
1117 2
1118 5
1119 1
1120 4
1121 1
1122 4
1123 5
1124 4
1125 2
1126 1
1127 5
1128 3
1129 3
1130 5
1131 1
1132 1
1133 3
1134 1
1135 5
1136 5
1137 4
1138 5
1139 2
1140 5
1141 3
1142 5
1143 4
1144 3
1145 1
1146 3
1147 1
1148 5
1149 5
1150 5
1151 4
1152 2
1153 5
1154 2
1155 1
1156 1
1157 2
1158 2
1159 1
1160 4
1161 5
1162 4
1163 5
1164 4
1165 3
1166 4
1167 4
1168 1
1169 1
1170 4
1171 1
1172 3
1173 3
1174 4
1175 2
1176 4
1177 1
1178 5
1179 5
1180 5
1181 5
1182 1
1183 4
1184 3
1185 4
1186 3
1187 2
1188 2
1189 1
1190 2
1191 3
1192 2
1193 1
1194 5
1195 4
1196 2
1197 3
1198 2
1199 5
1200 1
1201 1
1202 5
1203 5
1204 3
1205 5
1206 5
1207 5
1208 1
1209 5
1210 5
1211 5
1212 5
1213 4
1214 1
1215 5
1216 3
1217 4
1218 2
1219 3
1220 5
1221 1
1222 1
1223 5
1224 2
1225 2
1226 5
1227 5
1228 5
1229 3
1230 3
1231 2
1232 2
1233 5
1234 3
1235 4
1236 1
1237 5
1238 3
1239 1
1240 1
1241 1
1242 4
1243 1
1244 4
1245 1
1246 3
1247 2
1248 2
1249 4
1250 1
1251 1
1252 3
1253 5
1254 3
1255 5
1256 3
1257 5
1258 2
1259 5
1260 2
1261 3
1262 4
1263 5
1264 3
1265 1
1266 4
1267 2
1268 3
1269 2
1270 1
1271 5
1272 5
1273 5
1274 4
1275 2
1276 2
1277 3
1278 4
1279 5
1280 4
1281 5
1282 3
1283 2
1284 3
1285 3
1286 5
1287 2
1288 4
1289 4
1290 4
1291 4
1292 5
1293 1
1294 1
1295 1
1296 1
1297 3
1298 5
1299 2
1300 4
1301 3
1302 2
1303 2
1304 2
1305 4
1306 3
1307 2
1308 2
1309 1
1310 1
1311 1
1312 5
1313 3
1314 1
1315 3
1316 2
1317 2
1318 3
1319 3
1320 4
1321 2
1322 4
1323 3
1324 2
1325 2
1326 3
1327 3
1328 3
1329 5
1330 1
1331 4
1332 3
1333 3
1334 1
1335 1
1336 2
1337 4
1338 4
1339 5
1340 4
1341 1
1342 5
1343 5
1344 4
1345 1
1346 5
1347 1
1348 2
1349 4
1350 3
1351 1
1352 1
1353 5
1354 3
1355 5
1356 5
1357 3
1358 1
1359 2
1360 5
1361 3
1362 1
1363 3
1364 2
1365 5
1366 5
1367 4
1368 2
1369 1
1370 3
1371 4
1372 1
1373 4
1374 1
1375 4
1376 1
1377 5
1378 2
1379 4
1380 3
1381 1
1382 4
1383 1
1384 3
1385 4
1386 4
1387 4
1388 5
1389 3
1390 4
1391 3
1392 3
1393 1
1394 5
1395 3
1396 2
1397 1
1398 2
1399 5
1400 3
1401 1
1402 4
1403 3
1404 4
1405 4
1406 5
1407 4
1408 3
1409 1
1410 4
1411 2
1412 2
1413 5
1414 2
1415 1
1416 2
1417 1
1418 1
1419 3
1420 3
1421 1
1422 1
1423 1
1424 5
1425 5
1426 3
1427 3
1428 4
1429 4
1430 5
1431 3
1432 2
1433 4
1434 4
1435 3
1436 2
1437 3
1438 2
1439 5
1440 2
1441 5
1442 3
1443 3
1444 1
1445 5
1446 1
1447 5
1448 1
1449 4
1450 1
1451 5
1452 2
1453 4
1454 3
1455 1
1456 1
1457 3
1458 1
1459 3
1460 1
1461 5
1462 5
1463 1
1464 5
1465 1
1466 3
1467 3
1468 3
1469 1
1470 4
1471 5
1472 3
1473 5
1474 4
1475 5
1476 5
1477 1
1478 2
1479 2
1480 1
1481 2
1482 5
1483 3
1484 4
1485 4
1486 3
1487 2
1488 1
1489 4
1490 1
1491 5
1492 4
1493 2
1494 1
1495 1
1496 2
1497 3
1498 3
1499 4
1500 1
1501 3
1502 1
1503 5
1504 4
1505 2
1506 2
1507 4
1508 1
1509 3
1510 5
1511 2
1512 1
1513 4
1514 5
1515 2
1516 1
1517 3
1518 5
1519 2
1520 4
1521 2
1522 4
1523 2
1524 1
1525 1
1526 5
1527 5
1528 1
1529 3
1530 3
1531 2
1532 4
1533 3
1534 5
1535 5
1536 5
1537 1
1538 2
1539 2
1540 3
1541 2
1542 5
1543 2
1544 4
1545 4
1546 4
1547 1
1548 4
1549 4
1550 2
1551 4
1552 1
1553 5
1554 3
1555 4
1556 4
1557 1
1558 2
1559 2
1560 4
1561 2
1562 1
1563 5
1564 2
1565 1
1566 5
1567 1
1568 5
1569 2
1570 3
1571 4
1572 2
1573 2
1574 1
1575 1
1576 3
1577 5
1578 5
1579 2
1580 1
1581 1
1582 1
1583 2
1584 5
1585 5
1586 1
1587 2
1588 3
1589 1
1590 3
1591 4
1592 3
1593 5
1594 2
1595 4
1596 5
1597 5
1598 4
1599 2
1600 3
1601 1
1602 3
1603 4
1604 5
1605 5
1606 2
1607 4
1608 3
1609 3
1610 1
1611 4
1612 3
1613 3
1614 2
1615 3
1616 1
1617 4
1618 5
1619 3
1620 5
1621 1
1622 2
1623 5
1624 1
1625 2
1626 1
1627 3
1628 2
1629 5
1630 4
1631 2
1632 3
1633 2
1634 5
1635 4
1636 3
1637 4
1638 4
1639 4
1640 4
1641 3
1642 4
1643 1
1644 1
1645 3
1646 2
1647 4
1648 4
1649 3
1650 4
1651 4
1652 1
1653 4
1654 1
1655 4
1656 3
1657 2
1658 2
1659 4
1660 2
1661 4
1662 1
1663 5
1664 1
1665 3
1666 4
1667 5
1668 3
1669 2
1670 5
1671 4
1672 1
1673 1
1674 5
1675 3
1676 4
1677 2
1678 3
1679 2
1680 1
1681 4
1682 2
1683 5
1684 4
1685 5
1686 2
1687 4
1688 4
1689 3
1690 5
1691 2
1692 1
1693 5
1694 3
1695 2
1696 4
1697 5
1698 1
1699 2
1700 1
1701 4
1702 4
1703 1
1704 2
1705 5
1706 5
1707 3
1708 2
1709 5
1710 2
1711 4
1712 5
1713 4
1714 3
1715 5
1716 5
1717 1
1718 5
1719 2
1720 1
1721 2
1722 3
1723 4
1724 1
1725 4
1726 1
1727 1
1728 2
1729 1
1730 1
1731 2
1732 5
1733 2
1734 5
1735 2
1736 4
1737 1
1738 1
1739 1
1740 1
1741 5
1742 2
1743 5
1744 5
1745 5
1746 1
1747 4
1748 2
1749 5
1750 1
1751 3
1752 4
1753 4
1754 3
1755 1
1756 2
1757 5
1758 3
1759 4
1760 3
1761 2
1762 4
1763 5
1764 4
1765 4
1766 1
1767 1
1768 4
1769 3
1770 1
1771 1
1772 4
1773 5
1774 4
1775 3
1776 2
1777 4
1778 1
1779 2
1780 2
1781 1
1782 2
1783 3
1784 2
1785 5
1786 2
1787 1
1788 2
1789 5
1790 4
1791 2
1792 1
1793 3
1794 5
1795 2
1796 3
1797 2
1798 1
1799 4
1800 2
1801 2
1802 2
1803 1
1804 1
1805 4
1806 1
1807 1
1808 1
1809 3
1810 1
1811 1
1812 4
1813 3
1814 3
1815 3
1816 3
1817 3
1818 1
1819 3
1820 1
1821 2
1822 4
1823 3
1824 5
1825 5
1826 4
1827 4
1828 2
1829 4
1830 1
1831 4
1832 1
1833 2
1834 5
1835 4
1836 3
1837 2
1838 1
1839 5
1840 3
1841 5
1842 4
1843 4
1844 4
1845 1
1846 5
1847 3
1848 1
1849 5
1850 5
1851 3
1852 1
1853 5
1854 2
1855 2
1856 5
1857 2
1858 2
1859 3
1860 3
1861 2
1862 4
1863 5
1864 5
1865 5
1866 2
1867 2
1868 4
1869 5
1870 5
1871 3
1872 5
1873 2
1874 2
1875 2
1876 2
1877 1
1878 1
1879 2
1880 2
1881 5
1882 3
1883 1
1884 1
1885 4
1886 4
1887 3
1888 3
1889 4
1890 3
1891 3
1892 1
1893 2
1894 4
1895 2
1896 3
1897 2
1898 4
1899 3
1900 3
1901 2
1902 4
1903 1
1904 2
1905 4
1906 4
1907 2
1908 2
1909 4
1910 5
1911 4
1912 3
1913 1
1914 3
1915 4
1916 5
1917 5
1918 1
1919 4
1920 2
1921 2
1922 5
1923 1
1924 5
1925 3
1926 5
1927 4
1928 3
1929 5
1930 5
1931 1
1932 3
1933 2
1934 5
1935 3
1936 4
1937 5
1938 4
1939 1
1940 4
1941 4
1942 5
1943 1
1944 5
1945 5
1946 4
1947 3
1948 2
1949 4
1950 5
1951 2
1952 1
1953 5
1954 4
1955 2
1956 2
1957 2
1958 5
1959 2
1960 2
1961 5
1962 5
1963 1
1964 1
1965 4
1966 3
1967 2
1968 5
1969 4
1970 3
1971 1
1972 2
1973 4
1974 3
1975 4
1976 5
1977 5
1978 5
1979 2
1980 1
1981 2
1982 5
1983 1
1984 2
1985 4
1986 3
1987 1
1988 2
1989 4
1990 4
1991 4
1992 5
1993 3
1994 4
1995 4
1996 3
1997 4
1998 1
1999 5
2000 1
2001 5
2002 4
2003 4
2004 4
2005 4
2006 2
2007 4
2008 4
2009 5
2010 1
2011 3
2012 3
2013 2
2014 2
2015 5
2016 2
2017 3
2018 4
2019 2
2020 3
2021 1
2022 4
2023 1
2024 1
2025 2
2026 5
2027 5
2028 1
2029 4
2030 1
2031 4
2032 4
2033 1
2034 3
2035 5
2036 1
2037 4
2038 1
2039 1
2040 1
2041 1
2042 2
2043 3
2044 2
2045 5
2046 2
2047 1
2048 3
2049 5
2050 2
2051 1
2052 4
2053 1
2054 3
2055 3
2056 4
2057 4
2058 5
2059 3
2060 4
2061 5
2062 2
2063 4
2064 4
2065 3
2066 5
2067 3
2068 5
2069 3
2070 1
2071 3
2072 5
2073 2
2074 2
2075 5
2076 1
2077 2
2078 3
2079 4
2080 2
2081 4
2082 2
2083 2
2084 2
2085 1
2086 1
2087 2
2088 5
2089 2
2090 2
2091 5
2092 2
2093 4
2094 3
2095 2
2096 3
2097 1
2098 3
2099 5
2100 5
2101 5
2102 5
2103 1
2104 2
2105 4
2106 2
2107 1
2108 2
2109 4
2110 1
2111 2
2112 1
2113 2
2114 4
2115 1
2116 2
2117 5
2118 3
2119 3
2120 1
2121 4
2122 1
2123 4
2124 4
2125 3
2126 5
2127 2
2128 1
2129 2
2130 2
2131 1
2132 3
2133 5
2134 3
2135 4
2136 3
2137 4
2138 3
2139 3
2140 4
2141 5
2142 3
2143 3
2144 2
2145 3
2146 3
2147 4
2148 2
2149 5
2150 4
2151 5
2152 4
2153 5
2154 5
2155 1
2156 3
2157 1
2158 3
2159 3
2160 5
2161 4
2162 4
2163 3
2164 4
2165 2
2166 3
2167 2
2168 2
2169 1
2170 2
2171 5
2172 1
2173 2
2174 1
2175 2
2176 2
2177 5
2178 4
2179 1
2180 4
2181 4
2182 5
2183 4
2184 2
2185 5
2186 3
2187 2
2188 4
2189 2
2190 5
2191 5
2192 5
2193 5
2194 4
2195 2
2196 2
2197 1
2198 4
2199 1
2200 2
2201 2
2202 2
2203 4
2204 5
2205 2
2206 5
2207 5
2208 2
2209 1
2210 4
2211 4
2212 1
2213 4
2214 1
2215 4
2216 1
2217 1
2218 4
2219 3
2220 3
2221 5
2222 5
2223 2
2224 2
2225 2
2226 1
2227 3
2228 5
2229 2
2230 3
2231 1
2232 4
2233 2
2234 3
2235 1
2236 1
2237 4
2238 2
2239 3
2240 4
2241 5
2242 1
2243 5
2244 2
2245 5
2246 4
2247 2
2248 1
2249 4
2250 2
2251 1
2252 3
2253 2
2254 2
2255 4
2256 4
2257 2
2258 1
2259 4
2260 3
2261 4
2262 4
2263 3
2264 3
2265 4
2266 5
2267 4
2268 5
2269 3
2270 5
2271 2
2272 1
2273 1
2274 1
2275 5
2276 5
2277 1
2278 5
2279 3
2280 2
2281 2
2282 5
2283 3
2284 1
2285 4
2286 2
2287 4
2288 3
2289 3
2290 3
2291 5
2292 5
2293 4
2294 4
2295 1
2296 3
2297 3
2298 2
2299 1
2300 2
2301 5
2302 2
2303 1
2304 3
2305 3
2306 2
2307 2
2308 5
2309 1
2310 4
2311 5
2312 4
2313 3
2314 5
2315 5
2316 2
2317 3
2318 5
2319 4
2320 3
2321 1
2322 5
2323 4
2324 4
2325 3
2326 4
2327 3
2328 4
2329 4
2330 3
2331 4
2332 1
2333 4
2334 5
2335 3
2336 3
2337 2
2338 1
2339 4
2340 2
2341 1
2342 1
2343 5
2344 1
2345 3
2346 4
2347 4
2348 4
2349 1
2350 3
2351 5
2352 2
2353 5
2354 1
2355 1
2356 3
2357 1
2358 5
2359 3
2360 4
2361 4
2362 1
2363 2
2364 2
2365 4
2366 5
2367 1
2368 3
2369 3
2370 3
2371 5
2372 1
2373 5
2374 4
2375 4
2376 5
2377 5
2378 2
2379 5
2380 1
2381 3
2382 1
2383 2
2384 2
2385 5
2386 4
2387 1
2388 1
2389 5
2390 4
2391 1
2392 4
2393 2
2394 4
2395 2
2396 4
2397 3
2398 3
2399 5
2400 4
2401 3
2402 1
2403 4
2404 1
2405 4
2406 1
2407 3
2408 3
2409 4
2410 3
2411 4
2412 2
2413 2
2414 3
2415 3
2416 4
2417 5
2418 4
2419 4
2420 4
2421 3
2422 3
2423 4
2424 1
2425 3
2426 5
2427 3
2428 3
2429 4
2430 3
2431 4
2432 1
2433 1
2434 1
2435 1
2436 3
2437 4
2438 2
2439 1
2440 3
2441 3
2442 5
2443 2
2444 2
2445 1
2446 3
2447 1
2448 4
2449 1
2450 3
2451 2
2452 1
2453 1
2454 3
2455 3
2456 3
2457 5
2458 2
2459 2
2460 1
2461 5
2462 2
2463 1
2464 2
2465 3
2466 3
2467 4
2468 2
2469 5
2470 1
2471 3
2472 3
2473 4
2474 4
2475 1
2476 3
2477 2
2478 2
2479 3
2480 5
2481 5
2482 5
2483 1
2484 1
2485 5
2486 2
2487 2
2488 2
2489 1
2490 4
2491 4
2492 4
2493 3
2494 3
2495 5
2496 4
2497 3
2498 5
2499 5
2500 3
2501 4
2502 5
2503 4
2504 3
2505 2
2506 3
2507 2
2508 2
2509 4
2510 4
2511 3
2512 4
2513 2
2514 5
2515 3
2516 3
2517 4
2518 1
2519 5
2520 1
2521 3
2522 4
2523 5
2524 2
2525 1
2526 4
2527 2
2528 3
2529 3
2530 5
2531 5
2532 4
2533 2
2534 4
2535 2
2536 4
2537 5
2538 4
2539 1
2540 3
2541 2
2542 2
2543 2
2544 2
2545 2
2546 3
2547 4
2548 1
2549 2
2550 4
2551 5
2552 1
2553 4
2554 2
2555 1
2556 3
2557 1
2558 3
2559 5
2560 2
2561 5
2562 1
2563 1
2564 5
2565 4
2566 2
2567 1
2568 5
2569 2
2570 2
2571 5
2572 4
2573 4
2574 1
2575 3
2576 4
2577 1
2578 1
2579 4
2580 5
2581 1
2582 1
2583 2
2584 5
2585 4
2586 5
2587 3
2588 1
2589 3
2590 2
2591 5
2592 4
2593 5
2594 1
2595 1
2596 2
2597 1
2598 4
2599 3
2600 2
2601 4
2602 2
2603 1
2604 4
2605 3
2606 3
2607 5
2608 1
2609 5
2610 4
2611 3
2612 4
2613 1
2614 5
2615 3
2616 1
2617 1
2618 3
2619 4
2620 4
2621 1
2622 3
2623 2
2624 2
2625 1
2626 3
2627 2
2628 5
2629 5
2630 2
2631 2
2632 3
2633 5
2634 3
2635 4
2636 4
2637 1
2638 5
2639 2
2640 3
2641 5
2642 3
2643 1
2644 1
2645 5
2646 2
2647 2
2648 5
2649 5
2650 5
2651 2
2652 1
2653 2
2654 4
2655 1
2656 5
2657 1
2658 3
2659 3
2660 1
2661 1
2662 5
2663 4
2664 1
2665 3
2666 2
2667 1
2668 2
2669 1
2670 4
2671 1
2672 3
2673 3
2674 4
2675 3
2676 2
2677 2
2678 1
2679 1
2680 1
2681 5
2682 1
2683 1
2684 5
2685 4
2686 2
2687 3
2688 4
2689 5
2690 1
2691 5
2692 4
2693 3
2694 5
2695 2
2696 3
2697 2
2698 3
2699 5
2700 3
2701 4
2702 1
2703 4
2704 4
2705 3
2706 5
2707 1
2708 2
2709 3
2710 3
2711 3
2712 3
2713 1
2714 3
2715 3
2716 2
2717 5
2718 5
2719 3
2720 2
2721 1
2722 2
2723 5
2724 5
2725 1
2726 5
2727 3
2728 2
2729 3
2730 3
2731 2
2732 1
2733 1
2734 1
2735 2
2736 2
2737 4
2738 5
2739 5
2740 1
2741 3
2742 3
2743 2
2744 5
2745 2
2746 5
2747 1
2748 4
2749 5
2750 4
2751 1
2752 3
2753 4
2754 1
2755 4
2756 1
2757 4
2758 2
2759 4
2760 3
2761 4
2762 2
2763 2
2764 4
2765 5
2766 5
2767 1
2768 3
2769 4
2770 1
2771 1
2772 1
2773 2
2774 1
2775 1
2776 2
2777 4
2778 4
2779 2
2780 5
2781 4
2782 2
2783 5
2784 2
2785 1
2786 4
2787 1
2788 3
2789 3
2790 1
2791 1
2792 1
2793 5
2794 4
2795 2
2796 2
2797 4
2798 4
2799 2
2800 3
2801 2
2802 3
2803 2
2804 5
2805 1
2806 2
2807 3
2808 2
2809 1
2810 1
2811 2
2812 1
2813 2
2814 3
2815 2
2816 3
2817 2
2818 2
2819 1
2820 4
2821 4
2822 5
2823 4
2824 5
2825 5
2826 4
2827 1
2828 2
2829 2
2830 4
2831 5
2832 1
2833 1
2834 4
2835 3
2836 1
2837 2
2838 3
2839 5
2840 2
2841 4
2842 3
2843 4
2844 1
2845 5
2846 1
2847 4
2848 1
2849 2
2850 5
2851 4
2852 5
2853 3
2854 5
2855 4
2856 2
2857 2
2858 4
2859 2
2860 5
2861 5
2862 3
2863 2
2864 5
2865 5
2866 4
2867 2
2868 4
2869 2
2870 4
2871 5
2872 3
2873 2
2874 3
2875 5
2876 3
2877 2
2878 5
2879 1
2880 1
2881 4
2882 3
2883 1
2884 4
2885 5
2886 4
2887 1
2888 1
2889 2
2890 3
2891 1
2892 1
2893 1
2894 1
2895 1
2896 2
2897 2
2898 2
2899 2
2900 1
2901 2
2902 3
2903 1
2904 4
2905 5
2906 5
2907 4
2908 5
2909 5
2910 3
2911 3
2912 4
2913 2
2914 2
2915 5
2916 1
2917 4
2918 2
2919 4
2920 4
2921 5
2922 2
2923 4
2924 4
2925 1
2926 1
2927 4
2928 2
2929 2
2930 1
2931 5
2932 5
2933 3
2934 1
2935 2
2936 2
2937 5
2938 4
2939 3
2940 3
2941 4
2942 2
2943 1
2944 5
2945 4
2946 1
2947 5
2948 3
2949 3
2950 2
2951 2
2952 2
2953 2
2954 1
2955 4
2956 3
2957 3
2958 4
2959 5
2960 3
2961 5
2962 3
2963 1
2964 5
2965 1
2966 4
2967 2
2968 5
2969 5
2970 1
2971 1
2972 1
2973 4
2974 5
2975 5
2976 5
2977 1
2978 2
2979 3
2980 5
2981 2
2982 2
2983 3
2984 1
2985 2
2986 3
2987 1
2988 5
2989 5
2990 3
2991 2
2992 1
2993 5
2994 2
2995 5
2996 1
2997 1
2998 4
2999 2
3000 1
3001 5
3002 4
3003 2
3004 2
3005 5
3006 1
3007 2
3008 1
3009 3
3010 1
3011 2
3012 2
3013 2
3014 2
3015 2
3016 2
3017 3
3018 1
3019 4
3020 3
3021 2
3022 3
3023 5
3024 4
3025 2
3026 2
3027 2
3028 5
3029 3
3030 4
3031 5
3032 1
3033 5
3034 2
3035 1
3036 1
3037 5
3038 5
3039 4
3040 3
3041 5
3042 4
3043 4
3044 5
3045 3
3046 3
3047 2
3048 2
3049 3
3050 3
3051 1
3052 3
3053 3
3054 1
3055 3
3056 2
3057 2
3058 3
3059 2
3060 1
3061 3
3062 4
3063 2
3064 4
3065 4
3066 4
3067 3
3068 4
3069 4
3070 3
3071 1
3072 4
3073 4
3074 1
3075 4
3076 3
3077 1
3078 5
3079 3
3080 3
3081 4
3082 4
3083 1
3084 1
3085 3
3086 4
3087 4
3088 5
3089 2
3090 5
3091 2
3092 3
3093 5
3094 2
3095 3
3096 5
3097 5
3098 2
3099 4
3100 4
3101 1
3102 3
3103 4
3104 1
3105 2
3106 2
3107 4
3108 2
3109 5
3110 4
3111 5
3112 2
3113 4
3114 5
3115 3
3116 3
3117 1
3118 3
3119 2
3120 5
3121 1
3122 5
3123 4
3124 2
3125 2
3126 5
3127 4
3128 1
3129 1
3130 5
3131 2
3132 3
3133 3
3134 5
3135 2
3136 5
3137 5
3138 5
3139 5
3140 3
3141 3
3142 4
3143 1
3144 2
3145 1
3146 2
3147 3
3148 3
3149 2
3150 2
3151 3
3152 1
3153 4
3154 3
3155 2
3156 2
3157 3
3158 1
3159 3
3160 2
3161 5
3162 4
3163 5
3164 5
3165 2
3166 3
3167 3
3168 1
3169 4
3170 2
3171 5
3172 4
3173 3
3174 4
3175 4
3176 3
3177 2
3178 4
3179 2
3180 4
3181 3
3182 2
3183 2
3184 5
3185 5
3186 4
3187 4
3188 5
3189 4
3190 3
3191 5
3192 1
3193 5
3194 2
3195 1
3196 1
3197 3
3198 5
3199 4
3200 3
3201 3
3202 5
3203 1
3204 2
3205 4
3206 2
3207 3
3208 4
3209 2
3210 2
3211 1
3212 3
3213 5
3214 1
3215 2
3216 5
3217 3
3218 1
3219 1
3220 1
3221 5
3222 5
3223 4
3224 2
3225 5
3226 1
3227 1
3228 2
3229 3
3230 5
3231 3
3232 5
3233 4
3234 1
3235 3
3236 1
3237 2
3238 3
3239 3
3240 1
3241 3
3242 3
3243 5
3244 1
3245 2
3246 5
3247 2
3248 3
3249 2
3250 1
3251 4
3252 1
3253 2
3254 5
3255 3
3256 3
3257 4
3258 5
3259 1
3260 3
3261 5
3262 4
3263 1
3264 3
3265 2
3266 2
3267 3
3268 3
3269 5
3270 4
3271 3
3272 4
3273 1
3274 5
3275 2
3276 5
3277 5
3278 5
3279 4
3280 1
3281 3
3282 2
3283 5
3284 2
3285 5
3286 1
3287 1
3288 2
3289 4
3290 4
3291 1
3292 2
3293 5
3294 2
3295 2
3296 4
3297 3
3298 4
3299 1
3300 5
3301 3
3302 4
3303 3
3304 4
3305 2
3306 4
3307 2
3308 5
3309 2
3310 1
3311 5
3312 3
3313 3
3314 1
3315 2
3316 3
3317 3
3318 3
3319 1
3320 3
3321 4
3322 4
3323 5
3324 5
3325 5
3326 2
3327 3
3328 4
3329 3
3330 1
3331 5
3332 5
3333 3
3334 4
3335 5
3336 4
3337 3
3338 1
3339 5
3340 1
3341 3
3342 1
3343 4
3344 4
3345 5
3346 3
3347 1
3348 1
3349 3
3350 4
3351 4
3352 2
3353 1
3354 3
3355 5
3356 3
3357 2
3358 3
3359 1
3360 4
3361 5
3362 5
3363 5
3364 1
3365 3
3366 1
3367 4
3368 3
3369 2
3370 2
3371 5
3372 1
3373 5
3374 3
3375 3
3376 1
3377 1
3378 1
3379 4
3380 5
3381 1
3382 5
3383 5
3384 3
3385 1
3386 3
3387 3
3388 1
3389 5
3390 1
3391 2
3392 5
3393 3
3394 5
3395 1
3396 4
3397 1
3398 5
3399 1
3400 3
3401 3
3402 1
3403 3
3404 4
3405 1
3406 5
3407 5
3408 1
3409 4
3410 3
3411 4
3412 1
3413 3
3414 4
3415 2
3416 2
3417 1
3418 4
3419 3
3420 3
3421 4
3422 1
3423 4
3424 3
3425 3
3426 4
3427 1
3428 4
3429 2
3430 2
3431 1
3432 1
3433 3
3434 1
3435 2
3436 5
3437 1
3438 4
3439 1
3440 5
3441 1
3442 3
3443 4
3444 3
3445 1
3446 2
3447 3
3448 3
3449 2
3450 2
3451 2
3452 4
3453 4
3454 4
3455 5
3456 5
3457 1
3458 5
3459 3
3460 4
3461 5
3462 5
3463 3
3464 2
3465 5
3466 2
3467 4
3468 4
3469 3
3470 5
3471 1
3472 4
3473 3
3474 2
3475 3
3476 5
3477 1
3478 3
3479 3
3480 1
3481 4
3482 5
3483 1
3484 4
3485 1
3486 2
3487 5
3488 2
3489 5
3490 4
3491 2
3492 4
3493 5
3494 1
3495 4
3496 4
3497 4
3498 5
3499 3
3500 4
3501 4
3502 3
3503 2
3504 3
3505 2
3506 4
3507 5
3508 5
3509 2
3510 4
3511 5
3512 3
3513 2
3514 3
3515 2
3516 3
3517 2
3518 3
3519 5
3520 2
3521 1
3522 3
3523 5
3524 3
3525 3
3526 1
3527 3
3528 1
3529 1
3530 4
3531 4
3532 4
3533 4
3534 5
3535 5
3536 2
3537 5
3538 4
3539 4
3540 2
3541 5
3542 4
3543 5
3544 2
3545 4
3546 1
3547 3
3548 4
3549 1
3550 2
3551 3
3552 2
3553 5
3554 2
3555 3
3556 4
3557 4
3558 2
3559 2
3560 1
3561 3
3562 2
3563 2
3564 5
3565 2
3566 5
3567 5
3568 3
3569 4
3570 2
3571 4
3572 3
3573 1
3574 4
3575 1
3576 4
3577 4
3578 4
3579 4
3580 4
3581 3
3582 3
3583 2
3584 3
3585 2
3586 5
3587 5
3588 1
3589 3
3590 4
3591 3
3592 4
3593 3
3594 4
3595 2
3596 2
3597 5
3598 1
3599 1
3600 3
3601 1
3602 4
3603 3
3604 2
3605 2
3606 4
3607 3
3608 4
3609 5
3610 5
3611 4
3612 4
3613 2
3614 3
3615 5
3616 3
3617 5
3618 1
3619 1
3620 5
3621 2
3622 1
3623 3
3624 4
3625 2
3626 3
3627 4
3628 5
3629 1
3630 2
3631 2
3632 4
3633 2
3634 2
3635 3
3636 3
3637 5
3638 2
3639 4
3640 3
3641 4
3642 1
3643 4
3644 2
3645 3
3646 1
3647 2
3648 1
3649 3
3650 4
3651 3
3652 5
3653 5
3654 3
3655 5
3656 5
3657 2
3658 1
3659 1
3660 4
3661 4
3662 4
3663 3
3664 4
3665 5
3666 5
3667 4
3668 1
3669 3
3670 2
3671 3
3672 1
3673 4
3674 3
3675 5
3676 5
3677 2
3678 1
3679 3
3680 4
3681 4
3682 2
3683 5
3684 3
3685 2
3686 2
3687 2
3688 2
3689 5
3690 4
3691 5
3692 2
3693 1
3694 1
3695 3
3696 1
3697 5
3698 3
3699 4
3700 1
3701 1
3702 2
3703 2
3704 3
3705 3
3706 2
3707 1
3708 2
3709 1
3710 1
3711 1
3712 5
3713 1
3714 5
3715 4
3716 4
3717 5
3718 2
3719 3
3720 5
3721 2
3722 2
3723 1
3724 2
3725 2
3726 5
3727 5
3728 5
3729 5
3730 1
3731 2
3732 2
3733 3
3734 3
3735 2
3736 1
3737 4
3738 4
3739 1
3740 4
3741 4
3742 3
3743 1
3744 2
3745 2
3746 1
3747 4
3748 2
3749 1
3750 5
3751 1
3752 3
3753 2
3754 5
3755 2
3756 5
3757 1
3758 4
3759 5
3760 5
3761 3
3762 1
3763 1
3764 1
3765 4
3766 4
3767 2
3768 1
3769 3
3770 4
3771 4
3772 5
3773 5
3774 5
3775 4
3776 5
3777 4
3778 5
3779 1
3780 5
3781 3
3782 4
3783 5
3784 4
3785 3
3786 3
3787 5
3788 4
3789 4
3790 2
3791 4
3792 3
3793 2
3794 1
3795 2
3796 4
3797 4
3798 4
3799 2
3800 5
3801 4
3802 5
3803 3
3804 3
3805 2
3806 2
3807 4
3808 4
3809 1
3810 1
3811 1
3812 3
3813 2
3814 3
3815 4
3816 2
3817 2
3818 3
3819 2
3820 2
3821 3
3822 3
3823 3
3824 1
3825 1
3826 2
3827 1
3828 5
3829 1
3830 1
3831 3
3832 5
3833 5
3834 4
3835 1
3836 2
3837 1
3838 2
3839 5
3840 5
3841 5
3842 5
3843 1
3844 2
3845 2
3846 3
3847 1
3848 5
3849 5
3850 1
3851 3
3852 1
3853 4
3854 3
3855 3
3856 5
3857 1
3858 4
3859 2
3860 1
3861 1
3862 2
3863 2
3864 5
3865 2
3866 1
3867 1
3868 3
3869 1
3870 1
3871 2
3872 3
3873 5
3874 4
3875 1
3876 5
3877 4
3878 1
3879 1
3880 3
3881 5
3882 2
3883 1
3884 4
3885 2
3886 3
3887 3
3888 1
3889 5
3890 3
3891 4
3892 2
3893 3
3894 5
3895 4
3896 2
3897 1
3898 2
3899 4
3900 1
3901 1
3902 4
3903 2
3904 1
3905 1
3906 4
3907 5
3908 5
3909 4
3910 2
3911 3
3912 4
3913 2
3914 1
3915 5
3916 3
3917 3
3918 1
3919 2
3920 2
3921 4
3922 4
3923 1
3924 1
3925 2
3926 5
3927 3
3928 4
3929 3
3930 4
3931 3
3932 5
3933 2
3934 2
3935 5
3936 3
3937 2
3938 1
3939 5
3940 4
3941 1
3942 4
3943 1
3944 3
3945 3
3946 4
3947 4
3948 5
3949 3
3950 5
3951 4
3952 3
3953 1
3954 1
3955 4
3956 4
3957 4
3958 2
3959 2
3960 1
3961 2
3962 5
3963 4
3964 3
3965 3
3966 4
3967 1
3968 4
3969 2
3970 1
3971 1
3972 2
3973 5
3974 1
3975 1
3976 4
3977 1
3978 5
3979 4
3980 5
3981 2
3982 5
3983 2
3984 5
3985 1
3986 4
3987 2
3988 5
3989 2
3990 4
3991 5
3992 3
3993 4
3994 4
3995 4
3996 3
3997 5
3998 1
3999 5
4000 1
4001 1
4002 2
4003 5
4004 4
4005 4
4006 3
4007 4
4008 1
4009 1
4010 2
4011 1
4012 4
4013 3
4014 5
4015 2
4016 2
4017 4
4018 2
4019 4
4020 3
4021 4
4022 1
4023 3
4024 5
4025 2
4026 3
4027 5
4028 1
4029 2
4030 5
4031 4
4032 3
4033 2
4034 2
4035 4
4036 2
4037 2
4038 4
4039 5
4040 3
4041 1
4042 2
4043 4
4044 3
4045 3
4046 1
4047 5
4048 1
4049 3
4050 5
4051 5
4052 1
4053 5
4054 3
4055 3
4056 3
4057 2
4058 5
4059 3
4060 4
4061 1
4062 4
4063 5
4064 2
4065 5
4066 5
4067 2
4068 5
4069 5
4070 1
4071 4
4072 4
4073 3
4074 5
4075 3
4076 4
4077 1
4078 5
4079 3
4080 1
4081 4
4082 4
4083 4
4084 4
4085 5
4086 2
4087 2
4088 4
4089 3
4090 5
4091 4
4092 4
4093 3
4094 3
4095 3
4096 1
4097 4
4098 3
4099 5
4100 1
4101 1
4102 2
4103 4
4104 1
4105 1
4106 1
4107 3
4108 4
4109 1
4110 3
4111 5
4112 3
4113 4
4114 5
4115 3
4116 3
4117 3
4118 2
4119 1
4120 3
4121 3
4122 5
4123 1
4124 3
4125 3
4126 3
4127 5
4128 4
4129 5
4130 3
4131 5
4132 5
4133 5
4134 3
4135 4
4136 1
4137 1
4138 2
4139 1
4140 3
4141 4
4142 2
4143 2
4144 5
4145 1
4146 2
4147 3
4148 2
4149 4
4150 5
4151 4
4152 4
4153 1
4154 4
4155 2
4156 3
4157 1
4158 5
4159 3
4160 3
4161 2
4162 4
4163 1
4164 1
4165 1
4166 1
4167 1
4168 3
4169 1
4170 4
4171 5
4172 2
4173 2
4174 1
4175 1
4176 3
4177 4
4178 2
4179 3
4180 3
4181 4
4182 3
4183 4
4184 5
4185 1
4186 1
4187 1
4188 2
4189 3
4190 3
4191 2
4192 2
4193 5
4194 3
4195 4
4196 1
4197 5
4198 3
4199 1
4200 3
4201 3
4202 2
4203 3
4204 3
4205 2
4206 5
4207 5
4208 4
4209 2
4210 4
4211 3
4212 5
4213 5
4214 3
4215 2
4216 2
4217 4
4218 2
4219 1
4220 2
4221 3
4222 2
4223 1
4224 3
4225 2
4226 5
4227 3
4228 5
4229 4
4230 2
4231 2
4232 5
4233 3
4234 3
4235 3
4236 1
4237 1
4238 3
4239 4
4240 5
4241 2
4242 4
4243 5
4244 3
4245 3
4246 3
4247 2
4248 3
4249 2
4250 3
4251 5
4252 5
4253 2
4254 2
4255 1
4256 1
4257 4
4258 2
4259 5
4260 1
4261 3
4262 1
4263 1
4264 1
4265 2
4266 1
4267 4
4268 1
4269 1
4270 4
4271 5
4272 2
4273 5
4274 4
4275 3
4276 4
4277 5
4278 5
4279 5
4280 3
4281 1
4282 2
4283 4
4284 3
4285 3
4286 3
4287 4
4288 4
4289 5
4290 4
4291 1
4292 5
4293 4
4294 4
4295 1
4296 4
4297 2
4298 4
4299 2
4300 2
4301 2
4302 4
4303 1
4304 1
4305 5
4306 5
4307 5
4308 4
4309 3
4310 5
4311 1
4312 5
4313 4
4314 5
4315 3
4316 1
4317 4
4318 3
4319 1
4320 4
4321 4
4322 2
4323 1
4324 3
4325 1
4326 1
4327 3
4328 3
4329 5
4330 1
4331 5
4332 1
4333 1
4334 5
4335 1
4336 5
4337 2
4338 3
4339 5
4340 2
4341 2
4342 2
4343 5
4344 4
4345 5
4346 2
4347 4
4348 3
4349 3
4350 4
4351 4
4352 2
4353 1
4354 4
4355 2
4356 4
4357 5
4358 3
4359 3
4360 3
4361 5
4362 1
4363 1
4364 1
4365 5
4366 4
4367 3
4368 4
4369 3
4370 2
4371 5
4372 2
4373 2
4374 5
4375 4
4376 2
4377 5
4378 3
4379 5
4380 3
4381 1
4382 3
4383 3
4384 4
4385 3
4386 4
4387 4
4388 1
4389 5
4390 4
4391 3
4392 4
4393 3
4394 2
4395 4
4396 2
4397 4
4398 4
4399 5
4400 5
4401 5
4402 2
4403 3
4404 4
4405 2
4406 2
4407 4
4408 5
4409 3
4410 1
4411 3
4412 5
4413 5
4414 1
4415 1
4416 1
4417 4
4418 3
4419 1
4420 1
4421 3
4422 2
4423 3
4424 5
4425 4
4426 1
4427 5
4428 5
4429 4
4430 3
4431 2
4432 2
4433 3
4434 1
4435 3
4436 1
4437 5
4438 3
4439 2
4440 4
4441 3
4442 1
4443 5
4444 2
4445 2
4446 5
4447 1
4448 3
4449 5
4450 1
4451 3
4452 5
4453 4
4454 4
4455 1
4456 5
4457 2
4458 3
4459 3
4460 2
4461 2
4462 5
4463 3
4464 1
4465 1
4466 5
4467 3
4468 1
4469 1
4470 5
4471 2
4472 5
4473 1
4474 1
4475 4
4476 1
4477 5
4478 4
4479 1
4480 5
4481 3
4482 5
4483 1
4484 2
4485 1
4486 1
4487 4
4488 2
4489 4
4490 4
4491 4
4492 5
4493 5
4494 1
4495 3
4496 1
4497 3
4498 4
4499 2
4500 5
4501 1
4502 5
4503 1
4504 4
4505 4
4506 4
4507 1
4508 2
4509 2
4510 5
4511 3
4512 5
4513 5
4514 5
4515 1
4516 2
4517 2
4518 4
4519 4
4520 1
4521 3
4522 1
4523 5
4524 5
4525 1
4526 5
4527 4
4528 1
4529 3
4530 3
4531 3
4532 3
4533 4
4534 1
4535 5
4536 2
4537 2
4538 3
4539 3
4540 4
4541 1
4542 1
4543 5
4544 4
4545 3
4546 2
4547 2
4548 5
4549 2
4550 2
4551 1
4552 2
4553 2
4554 4
4555 5
4556 3
4557 2
4558 3
4559 3
4560 1
4561 1
4562 1
4563 2
4564 5
4565 3
4566 1
4567 3
4568 5
4569 3
4570 5
4571 5
4572 2
4573 5
4574 5
4575 2
4576 4
4577 4
4578 3
4579 2
4580 2
4581 5
4582 2
4583 5
4584 1
4585 4
4586 1
4587 5
4588 2
4589 4
4590 1
4591 3
4592 5
4593 4
4594 4
4595 4
4596 5
4597 4
4598 1
4599 4
4600 4
4601 1
4602 2
4603 3
4604 5
4605 4
4606 5
4607 5
4608 5
4609 3
4610 5
4611 2
4612 5
4613 2
4614 5
4615 1
4616 5
4617 5
4618 1
4619 4
4620 2
4621 3
4622 1
4623 5
4624 5
4625 4
4626 1
4627 1
4628 4
4629 5
4630 5
4631 3
4632 5
4633 4
4634 4
4635 4
4636 2
4637 4
4638 2
4639 2
4640 3
4641 2
4642 2
4643 1
4644 2
4645 5
4646 3
4647 2
4648 2
4649 4
4650 2
4651 2
4652 1
4653 5
4654 3
4655 5
4656 2
4657 3
4658 1
4659 5
4660 4
4661 2
4662 4
4663 2
4664 5
4665 5
4666 4
4667 2
4668 3
4669 5
4670 3
4671 3
4672 5
4673 4
4674 5
4675 2
4676 4
4677 4
4678 4
4679 4
4680 1
4681 1
4682 2
4683 1
4684 3
4685 1
4686 3
4687 5
4688 4
4689 5
4690 5
4691 1
4692 4
4693 5
4694 3
4695 5
4696 4
4697 2
4698 2
4699 4
4700 4
4701 3
4702 5
4703 4
4704 5
4705 5
4706 2
4707 4
4708 3
4709 2
4710 2
4711 2
4712 4
4713 5
4714 3
4715 1
4716 3
4717 2
4718 5
4719 1
4720 1
4721 1
4722 3
4723 4
4724 4
4725 1
4726 3
4727 1
4728 2
4729 4
4730 1
4731 1
4732 5
4733 2
4734 3
4735 1
4736 4
4737 3
4738 2
4739 2
4740 5
4741 3
4742 2
4743 5
4744 2
4745 4
4746 5
4747 1
4748 2
4749 4
4750 3
4751 4
4752 1
4753 3
4754 2
4755 3
4756 1
4757 4
4758 3
4759 1
4760 2
4761 4
4762 1
4763 4
4764 4
4765 5
4766 2
4767 4
4768 5
4769 2
4770 1
4771 5
4772 3
4773 2
4774 3
4775 2
4776 2
4777 1
4778 1
4779 3
4780 5
4781 3
4782 4
4783 5
4784 3
4785 3
4786 5
4787 5
4788 1
4789 3
4790 3
4791 5
4792 5
4793 3
4794 1
4795 5
4796 5
4797 3
4798 3
4799 2
4800 3
4801 5
4802 5
4803 4
4804 2
4805 4
4806 5
4807 2
4808 2
4809 2
4810 2
4811 5
4812 4
4813 2
4814 5
4815 2
4816 2
4817 5
4818 4
4819 1
4820 5
4821 5
4822 5
4823 4
4824 4
4825 2
4826 4
4827 2
4828 3
4829 4
4830 1
4831 4
4832 3
4833 2
4834 5
4835 3
4836 2
4837 2
4838 1
4839 2
4840 2
4841 4
4842 3
4843 1
4844 2
4845 4
4846 1
4847 5
4848 3
4849 3
4850 1
4851 2
4852 5
4853 4
4854 5
4855 5
4856 2
4857 5
4858 1
4859 3
4860 1
4861 3
4862 4
4863 4
4864 5
4865 1
4866 2
4867 5
4868 3
4869 1
4870 5
4871 5
4872 3
4873 5
4874 2
4875 2
4876 2
4877 1
4878 3
4879 5
4880 2
4881 1
4882 5
4883 2
4884 4
4885 4
4886 2
4887 5
4888 4
4889 2
4890 1
4891 2
4892 1
4893 1
4894 5
4895 2
4896 5
4897 4
4898 5
4899 3
4900 1
4901 5
4902 5
4903 2
4904 2
4905 4
4906 1
4907 5
4908 4
4909 2
4910 5
4911 5
4912 4
4913 1
4914 2
4915 3
4916 1
4917 2
4918 5
4919 5
4920 2
4921 5
4922 5
4923 2
4924 5
4925 3
4926 2
4927 4
4928 1
4929 1
4930 1
4931 4
4932 2
4933 2
4934 3
4935 1
4936 2
4937 5
4938 3
4939 1
4940 4
4941 2
4942 5
4943 5
4944 5
4945 5
4946 3
4947 2
4948 1
4949 3
4950 4
4951 2
4952 5
4953 3
4954 3
4955 5
4956 4
4957 4
4958 4
4959 4
4960 4
4961 2
4962 2
4963 4
4964 2
4965 4
4966 2
4967 5
4968 3
4969 5
4970 5
4971 5
4972 5
4973 4
4974 1
4975 3
4976 3
4977 4
4978 2
4979 2
4980 3
4981 4
4982 3
4983 1
4984 1
4985 3
4986 1
4987 5
4988 5
4989 4
4990 4
4991 1
4992 3
4993 5
4994 5
4995 3
4996 5
4997 5
4998 4
4999 4
5000 1
5001 5
5002 3
5003 3
5004 3
5005 4
5006 2
5007 4
5008 1
5009 1
5010 2
5011 2
5012 2
5013 1
5014 3
5015 1
5016 3
5017 2
5018 2
5019 1
5020 4
5021 4
5022 3
5023 3
5024 1
5025 1
5026 2
5027 1
5028 1
5029 4
5030 4
5031 3
5032 3
5033 4
5034 1
5035 2
5036 1
5037 5
5038 5
5039 2
5040 4
5041 5
5042 1
5043 1
5044 3
5045 2
5046 4
5047 3
5048 1
5049 5
5050 3
5051 3
5052 4
5053 3
5054 2
5055 1
5056 3
5057 2
5058 4
5059 1
5060 4
5061 3
5062 5
5063 3
5064 5
5065 2
5066 3
5067 5
5068 2
5069 1
5070 4
5071 2
5072 2
5073 3
5074 2
5075 3
5076 5
5077 2
5078 4
5079 5
5080 1
5081 1
5082 3
5083 2
5084 5
5085 2
5086 2
5087 1
5088 1
5089 1
5090 3
5091 5
5092 5
5093 4
5094 4
5095 4
5096 4
5097 1
5098 5
5099 1
5100 5
5101 4
5102 3
5103 3
5104 4
5105 1
5106 3
5107 1
5108 2
5109 2
5110 5
5111 2
5112 2
5113 3
5114 1
5115 2
5116 5
5117 4
5118 5
5119 5
5120 1
5121 4
5122 1
5123 4
5124 3
5125 4
5126 1
5127 1
5128 4
5129 2
5130 3
5131 3
5132 1
5133 3
5134 3
5135 5
5136 1
5137 3
5138 5
5139 2
5140 3
5141 3
5142 3
5143 2
5144 1
5145 5
5146 5
5147 2
5148 3
5149 5
5150 3
5151 3
5152 2
5153 2
5154 5
5155 5
5156 1
5157 5
5158 4
5159 3
5160 4
5161 4
5162 2
5163 5
5164 4
5165 3
5166 4
5167 5
5168 2
5169 4
5170 3
5171 3
5172 1
5173 4
5174 4
5175 2
5176 4
5177 5
5178 3
5179 3
5180 5
5181 4
5182 3
5183 2
5184 3
5185 1
5186 5
5187 1
5188 3
5189 2
5190 5
5191 3
5192 5
5193 1
5194 2
5195 2
5196 2
5197 2
5198 2
5199 2
5200 5
5201 3
5202 3
5203 5
5204 3
5205 5
5206 4
5207 1
5208 3
5209 2
5210 1
5211 5
5212 5
5213 1
5214 5
5215 5
5216 5
5217 5
5218 1
5219 3
5220 4
5221 2
5222 2
5223 4
5224 4
5225 1
5226 5
5227 5
5228 2
5229 5
5230 3
5231 3
5232 4
5233 4
5234 2
5235 1
5236 3
5237 3
5238 2
5239 5
5240 2
5241 1
5242 2
5243 2
5244 1
5245 5
5246 3
5247 5
5248 2
5249 3
5250 5
5251 1
5252 1
5253 3
5254 1
5255 3
5256 2
5257 1
5258 2
5259 5
5260 3
5261 5
5262 5
5263 3
5264 2
5265 4
5266 5
5267 5
5268 4
5269 5
5270 5
5271 1
5272 1
5273 5
5274 4
5275 3
5276 3
5277 1
5278 1
5279 3
5280 1
5281 5
5282 2
5283 5
5284 1
5285 1
5286 2
5287 2
5288 4
5289 2
5290 5
5291 1
5292 5
5293 4
5294 2
5295 4
5296 3
5297 5
5298 1
5299 4
5300 5
5301 2
5302 2
5303 5
5304 2
5305 5
5306 5
5307 3
5308 2
5309 4
5310 3
5311 4
5312 2
5313 1
5314 2
5315 1
5316 3
5317 4
5318 3
5319 1
5320 3
5321 5
5322 5
5323 3
5324 1
5325 3
5326 4
5327 1
5328 5
5329 3
5330 1
5331 4
5332 5
5333 2
5334 1
5335 4
5336 3
5337 5
5338 5
5339 5
5340 2
5341 3
5342 3
5343 1
5344 2
5345 2
5346 4
5347 5
5348 5
5349 3
5350 5
5351 3
5352 5
5353 3
5354 2
5355 4
5356 5
5357 4
5358 2
5359 1
5360 1
5361 4
5362 4
5363 2
5364 1
5365 3
5366 3
5367 2
5368 2
5369 4
5370 1
5371 5
5372 4
5373 3
5374 1
5375 3
5376 4
5377 5
5378 5
5379 4
5380 5
5381 1
5382 5
5383 1
5384 3
5385 4
5386 2
5387 3
5388 3
5389 4
5390 2
5391 5
5392 4
5393 5
5394 4
5395 5
5396 4
5397 5
5398 2
5399 3
5400 5
5401 4
5402 5
5403 5
5404 4
5405 4
5406 2
5407 3
5408 1
5409 3
5410 3
5411 1
5412 5
5413 3
5414 4
5415 2
5416 3
5417 3
5418 5
5419 5
5420 1
5421 2
5422 4
5423 2
5424 3
5425 5
5426 3
5427 4
5428 5
5429 3
5430 4
5431 5
5432 3
5433 2
5434 3
5435 5
5436 5
5437 3
5438 2
5439 5
5440 4
5441 3
5442 3
5443 2
5444 1
5445 5
5446 1
5447 4
5448 3
5449 5
5450 3
5451 2
5452 5
5453 5
5454 5
5455 5
5456 5
5457 1
5458 3
5459 5
5460 1
5461 3
5462 4
5463 5
5464 3
5465 2
5466 4
5467 1
5468 3
5469 2
5470 3
5471 2
5472 5
5473 3
5474 3
5475 3
5476 5
5477 5
5478 2
5479 2
5480 4
5481 4
5482 3
5483 3
5484 3
5485 2
5486 5
5487 3
5488 2
5489 2
5490 4
5491 3
5492 5
5493 2
5494 1
5495 3
5496 5
5497 5
5498 2
5499 1
5500 1
5501 1
5502 3
5503 3
5504 4
5505 2
5506 2
5507 1
5508 5
5509 2
5510 3
5511 5
5512 5
5513 5
5514 3
5515 2
5516 2
5517 5
5518 1
5519 5
5520 3
5521 3
5522 3
5523 5
5524 1
5525 2
5526 1
5527 4
5528 3
5529 5
5530 1
5531 4
5532 1
5533 1
5534 1
5535 1
5536 1
5537 5
5538 3
5539 4
5540 4
5541 1
5542 5
5543 4
5544 3
5545 3
5546 2
5547 5
5548 5
5549 4
5550 4
5551 1
5552 3
5553 4
5554 3
5555 5
5556 5
5557 1
5558 3
5559 2
5560 1
5561 1
5562 4
5563 5
5564 2
5565 2
5566 2
5567 3
5568 2
5569 4
5570 3
5571 5
5572 1
5573 2
5574 5
5575 2
5576 4
5577 1
5578 1
5579 2
5580 1
5581 5
5582 4
5583 3
5584 5
5585 5
5586 2
5587 1
5588 5
5589 1
5590 4
5591 4
5592 1
5593 3
5594 1
5595 4
5596 5
5597 4
5598 3
5599 3
5600 1
5601 4
5602 5
5603 3
5604 5
5605 4
5606 1
5607 2
5608 1
5609 2
5610 2
5611 4
5612 2
5613 3
5614 3
5615 1
5616 1
5617 4
5618 2
5619 1
5620 5
5621 2
5622 4
5623 2
5624 3
5625 1
5626 2
5627 5
5628 4
5629 1
5630 4
5631 4
5632 1
5633 5
5634 4
5635 3
5636 3
5637 5
5638 2
5639 3
5640 3
5641 1
5642 1
5643 3
5644 1
5645 3
5646 2
5647 2
5648 3
5649 1
5650 3
5651 5
5652 1
5653 1
5654 2
5655 2
5656 1
5657 3
5658 2
5659 5
5660 4
5661 4
5662 2
5663 1
5664 3
5665 4
5666 2
5667 5
5668 2
5669 3
5670 4
5671 2
5672 1
5673 1
5674 2
5675 3
5676 3
5677 4
5678 5
5679 2
5680 5
5681 2
5682 5
5683 1
5684 2
5685 3
5686 4
5687 1
5688 5
5689 2
5690 3
5691 1
5692 2
5693 5
5694 1
5695 5
5696 3
5697 3
5698 1
5699 2
5700 3
5701 3
5702 3
5703 2
5704 4
5705 1
5706 1
5707 3
5708 2
5709 1
5710 1
5711 2
5712 4
5713 3
5714 4
5715 2
5716 1
5717 5
5718 4
5719 5
5720 1
5721 3
5722 3
5723 1
5724 2
5725 3
5726 4
5727 1
5728 1
5729 5
5730 4
5731 3
5732 1
5733 5
5734 4
5735 5
5736 4
5737 3
5738 5
5739 5
5740 3
5741 3
5742 4
5743 4
5744 1
5745 5
5746 5
5747 2
5748 2
5749 5
5750 3
5751 3
5752 3
5753 1
5754 5
5755 4
5756 4
5757 4
5758 2
5759 3
5760 3
5761 5
5762 5
5763 4
5764 5
5765 2
5766 4
5767 2
5768 3
5769 2
5770 4
5771 1
5772 1
5773 3
5774 5
5775 5
5776 3
5777 3
5778 3
5779 3
5780 1
5781 4
5782 2
5783 4
5784 3
5785 2
5786 5
5787 3
5788 2
5789 4
5790 4
5791 4
5792 3
5793 1
5794 5
5795 4
5796 2
5797 2
5798 4
5799 2
5800 1
5801 1
5802 4
5803 4
5804 3
5805 5
5806 2
5807 5
5808 3
5809 4
5810 3
5811 4
5812 4
5813 2
5814 3
5815 5
5816 4
5817 2
5818 5
5819 4
5820 4
5821 2
5822 2
5823 2
5824 4
5825 2
5826 5
5827 1
5828 2
5829 4
5830 2
5831 3
5832 5
5833 5
5834 5
5835 5
5836 2
5837 4
5838 3
5839 2
5840 1
5841 3
5842 5
5843 2
5844 3
5845 5
5846 5
5847 1
5848 5
5849 4
5850 4
5851 3
5852 4
5853 1
5854 5
5855 2
5856 2
5857 3
5858 1
5859 5
5860 1
5861 1
5862 5
5863 5
5864 3
5865 5
5866 5
5867 5
5868 5
5869 1
5870 3
5871 4
5872 2
5873 5
5874 4
5875 1
5876 4
5877 4
5878 3
5879 1
5880 1
5881 4
5882 3
5883 5
5884 4
5885 1
5886 5
5887 4
5888 5
5889 1
5890 2
5891 4
5892 5
5893 4
5894 4
5895 4
5896 1
5897 1
5898 4
5899 2
5900 1
5901 2
5902 1
5903 2
5904 2
5905 3
5906 5
5907 2
5908 5
5909 1
5910 4
5911 2
5912 3
5913 4
5914 3
5915 5
5916 1
5917 3
5918 3
5919 5
5920 3
5921 4
5922 4
5923 3
5924 1
5925 2
5926 4
5927 2
5928 4
5929 2
5930 4
5931 2
5932 5
5933 3
5934 5
5935 2
5936 4
5937 2
5938 1
5939 4
5940 5
5941 1
5942 1
5943 1
5944 5
5945 1
5946 5
5947 4
5948 5
5949 1
5950 1
5951 1
5952 5
5953 1
5954 4
5955 1
5956 1
5957 3
5958 4
5959 5
5960 1
5961 3
5962 2
5963 5
5964 3
5965 2
5966 5
5967 4
5968 1
5969 5
5970 3
5971 2
5972 3
5973 4
5974 1
5975 2
5976 4
5977 3
5978 2
5979 4
5980 1
5981 1
5982 1
5983 4
5984 3
5985 5
5986 5
5987 1
5988 3
5989 2
5990 4
5991 3
5992 4
5993 1
5994 2
5995 2
5996 1
5997 1
5998 1
5999 1
6000 1
6001 5
6002 5
6003 3
6004 1
6005 3
6006 5
6007 5
6008 3
6009 4
6010 1
6011 1
6012 3
6013 4
6014 3
6015 1
6016 2
6017 3
6018 1
6019 1
6020 4
6021 1
6022 4
6023 3
6024 1
6025 5
6026 4
6027 2
6028 4
6029 2
6030 4
6031 3
6032 3
6033 3
6034 3
6035 1
6036 4
6037 5
6038 3
6039 3
6040 2
6041 2
6042 3
6043 5
6044 1
6045 4
6046 4
6047 1
6048 5
6049 4
6050 5
6051 3
6052 2
6053 5
6054 4
6055 5
6056 1
6057 4
6058 1
6059 4
6060 1
6061 1
6062 2
6063 5
6064 1
6065 1
6066 3
6067 4
6068 3
6069 5
6070 3
6071 1
6072 2
6073 2
6074 4
6075 5
6076 4
6077 4
6078 1
6079 1
6080 5
6081 2
6082 2
6083 2
6084 4
6085 3
6086 2
6087 3
6088 5
6089 5
6090 4
6091 1
6092 4
6093 1
6094 2
6095 2
6096 3
6097 2
6098 1
6099 4
6100 1
6101 2
6102 3
6103 5
6104 3
6105 4
6106 1
6107 2
6108 3
6109 2
6110 1
6111 2
6112 5
6113 3
6114 2
6115 2
6116 2
6117 3
6118 2
6119 5
6120 1
6121 5
6122 5
6123 1
6124 2
6125 3
6126 2
6127 1
6128 2
6129 2
6130 1
6131 5
6132 3
6133 4
6134 3
6135 5
6136 3
6137 1
6138 4
6139 2
6140 1
6141 4
6142 3
6143 2
6144 4
6145 3
6146 3
6147 1
6148 4
6149 4
6150 4
6151 5
6152 4
6153 3
6154 4
6155 5
6156 3
6157 2
6158 2
6159 2
6160 3
6161 3
6162 3
6163 5
6164 5
6165 2
6166 1
6167 5
6168 5
6169 1
6170 3
6171 4
6172 1
6173 1
6174 1
6175 2
6176 1
6177 4
6178 2
6179 1
6180 2
6181 2
6182 4
6183 1
6184 5
6185 3
6186 1
6187 3
6188 4
6189 3
6190 4
6191 1
6192 3
6193 5
6194 5
6195 4
6196 5
6197 2
6198 5
6199 4
6200 5
6201 2
6202 5
6203 2
6204 3
6205 4
6206 1
6207 4
6208 1
6209 3
6210 4
6211 1
6212 1
6213 1
6214 3
6215 2
6216 3
6217 2
6218 5
6219 2
6220 4
6221 2
6222 3
6223 1
6224 4
6225 1
6226 1
6227 5
6228 4
6229 4
6230 5
6231 3
6232 1
6233 3
6234 2
6235 4
6236 2
6237 3
6238 2
6239 3
6240 1
6241 3
6242 3
6243 4
6244 3
6245 2
6246 3
6247 4
6248 2
6249 4
6250 2
6251 1
6252 4
6253 5
6254 5
6255 5
6256 1
6257 4
6258 2
6259 2
6260 5
6261 2
6262 5
6263 2
6264 2
6265 2
6266 1
6267 5
6268 2
6269 3
6270 4
6271 1
6272 4
6273 3
6274 4
6275 5
6276 2
6277 3
6278 4
6279 3
6280 3
6281 4
6282 3
6283 4
6284 5
6285 5
6286 4
6287 5
6288 3
6289 4
6290 5
6291 5
6292 2
6293 5
6294 4
6295 5
6296 3
6297 4
6298 5
6299 5
6300 1
6301 3
6302 4
6303 4
6304 5
6305 3
6306 5
6307 5
6308 1
6309 3
6310 3
6311 2
6312 1
6313 4
6314 5
6315 2
6316 1
6317 1
6318 1
6319 4
6320 2
6321 5
6322 5
6323 3
6324 4
6325 5
6326 4
6327 2
6328 1
6329 4
6330 4
6331 1
6332 4
6333 3
6334 3
6335 2
6336 4
6337 4
6338 4
6339 2
6340 2
6341 5
6342 5
6343 5
6344 2
6345 3
6346 3
6347 4
6348 1
6349 3
6350 4
6351 1
6352 4
6353 3
6354 3
6355 4
6356 4
6357 1
6358 5
6359 3
6360 5
6361 5
6362 2
6363 1
6364 4
6365 1
6366 1
6367 5
6368 2
6369 4
6370 2
6371 2
6372 5
6373 3
6374 2
6375 5
6376 5
6377 5
6378 3
6379 1
6380 5
6381 1
6382 4
6383 3
6384 1
6385 2
6386 4
6387 5
6388 4
6389 2
6390 1
6391 2
6392 4
6393 5
6394 1
6395 3
6396 5
6397 2
6398 5
6399 3
6400 4
6401 3
6402 1
6403 3
6404 4
6405 5
6406 5
6407 1
6408 3
6409 3
6410 1
6411 2
6412 2
6413 3
6414 2
6415 3
6416 4
6417 5
6418 1
6419 4
6420 4
6421 3
6422 5
6423 5
6424 3
6425 5
6426 4
6427 1
6428 2
6429 4
6430 2
6431 5
6432 5
6433 1
6434 1
6435 2
6436 4
6437 2
6438 4
6439 4
6440 4
6441 5
6442 2
6443 2
6444 2
6445 5
6446 3
6447 5
6448 4
6449 3
6450 4
6451 5
6452 3
6453 4
6454 4
6455 5
6456 1
6457 3
6458 5
6459 2
6460 2
6461 2
6462 5
6463 4
6464 1
6465 3
6466 5
6467 1
6468 3
6469 1
6470 1
6471 2
6472 3
6473 1
6474 2
6475 2
6476 2
6477 3
6478 2
6479 4
6480 3
6481 1
6482 4
6483 3
6484 2
6485 5
6486 4
6487 2
6488 1
6489 5
6490 1
6491 1
6492 2
6493 1
6494 1
6495 4
6496 1
6497 4
6498 2
6499 4
6500 3
6501 2
6502 5
6503 4
6504 3
6505 2
6506 4
6507 1
6508 4
6509 1
6510 2
6511 4
6512 5
6513 1
6514 2
6515 2
6516 1
6517 4
6518 4
6519 2
6520 4
6521 4
6522 4
6523 3
6524 1
6525 2
6526 5
6527 2
6528 1
6529 5
6530 5
6531 4
6532 2
6533 1
6534 2
6535 3
6536 3
6537 5
6538 4
6539 1
6540 5
6541 5
6542 4
6543 3
6544 5
6545 5
6546 3
6547 2
6548 5
6549 1
6550 4
6551 3
6552 3
6553 1
6554 2
6555 1
6556 4
6557 5
6558 5
6559 3
6560 1
6561 2
6562 2
6563 2
6564 4
6565 2
6566 4
6567 1
6568 1
6569 2
6570 2
6571 5
6572 4
6573 5
6574 3
6575 4
6576 4
6577 1
6578 3
6579 1
6580 4
6581 3
6582 2
6583 1
6584 1
6585 5
6586 3
6587 5
6588 1
6589 4
6590 5
6591 4
6592 5
6593 2
6594 5
6595 2
6596 4
6597 1
6598 3
6599 2
6600 2
6601 5
6602 4
6603 2
6604 4
6605 1
6606 5
6607 1
6608 4
6609 5
6610 3
6611 3
6612 1
6613 3
6614 4
6615 5
6616 4
6617 3
6618 2
6619 3
6620 1
6621 4
6622 2
6623 2
6624 3
6625 4
6626 5
6627 3
6628 5
6629 5
6630 4
6631 3
6632 3
6633 1
6634 4
6635 5
6636 4
6637 5
6638 3
6639 3
6640 1
6641 2
6642 5
6643 1
6644 1
6645 5
6646 1
6647 2
6648 2
6649 1
6650 4
6651 2
6652 2
6653 3
6654 1
6655 3
6656 1
6657 5
6658 2
6659 1
6660 4
6661 1
6662 2
6663 2
6664 2
6665 5
6666 4
6667 4
6668 3
6669 4
6670 4
6671 1
6672 4
6673 1
6674 3
6675 4
6676 1
6677 4
6678 3
6679 2
6680 1
6681 2
6682 1
6683 2
6684 5
6685 2
6686 3
6687 1
6688 3
6689 5
6690 5
6691 5
6692 3
6693 5
6694 5
6695 5
6696 4
6697 2
6698 4
6699 3
6700 1
6701 3
6702 5
6703 3
6704 1
6705 4
6706 4
6707 3
6708 3
6709 4
6710 3
6711 2
6712 1
6713 2
6714 1
6715 4
6716 3
6717 3
6718 5
6719 3
6720 4
6721 5
6722 4
6723 2
6724 2
6725 2
6726 4
6727 1
6728 4
6729 3
6730 3
6731 4
6732 1
6733 3
6734 2
6735 4
6736 1
6737 4
6738 2
6739 4
6740 2
6741 5
6742 3
6743 3
6744 2
6745 4
6746 5
6747 2
6748 5
6749 3
6750 5
6751 4
6752 3
6753 1
6754 5
6755 4
6756 3
6757 2
6758 4
6759 3
6760 2
6761 3
6762 1
6763 1
6764 1
6765 2
6766 1
6767 4
6768 4
6769 2
6770 1
6771 4
6772 5
6773 5
6774 1
6775 2
6776 5
6777 3
6778 5
6779 4
6780 3
6781 4
6782 2
6783 1
6784 5
6785 5
6786 4
6787 1
6788 1
6789 3
6790 2
6791 5
6792 3
6793 5
6794 5
6795 2
6796 4
6797 1
6798 5
6799 4
6800 5
6801 3
6802 2
6803 3
6804 4
6805 3
6806 3
6807 3
6808 3
6809 5
6810 5
6811 3
6812 4
6813 3
6814 3
6815 4
6816 1
6817 1
6818 2
6819 3
6820 1
6821 5
6822 4
6823 4
6824 3
6825 3
6826 1
6827 5
6828 2
6829 3
6830 1
6831 2
6832 5
6833 5
6834 2
6835 2
6836 2
6837 3
6838 2
6839 5
6840 3
6841 5
6842 5
6843 3
6844 5
6845 1
6846 1
6847 3
6848 2
6849 4
6850 5
6851 5
6852 1
6853 5
6854 2
6855 1
6856 3
6857 3
6858 3
6859 2
6860 4
6861 1
6862 4
6863 4
6864 3
6865 3
6866 4
6867 2
6868 3
6869 2
6870 3
6871 4
6872 5
6873 2
6874 4
6875 3
6876 2
6877 2
6878 1
6879 1
6880 5
6881 5
6882 2
6883 5
6884 1
6885 1
6886 1
6887 5
6888 4
6889 5
6890 5
6891 2
6892 3
6893 2
6894 4
6895 3
6896 2
6897 5
6898 1
6899 1
6900 5
6901 1
6902 5
6903 2
6904 1
6905 1
6906 5
6907 2
6908 1
6909 5
6910 1
6911 4
6912 3
6913 4
6914 3
6915 2
6916 4
6917 2
6918 1
6919 5
6920 2
6921 4
6922 4
6923 4
6924 4
6925 4
6926 4
6927 5
6928 1
6929 3
6930 5
6931 2
6932 4
6933 5
6934 4
6935 4
6936 3
6937 5
6938 3
6939 2
6940 2
6941 2
6942 2
6943 3
6944 5
6945 5
6946 4
6947 5
6948 1
6949 3
6950 3
6951 3
6952 5
6953 1
6954 1
6955 1
6956 2
6957 4
6958 4
6959 5
6960 4
6961 2
6962 2
6963 1
6964 3
6965 3
6966 4
6967 2
6968 2
6969 3
6970 5
6971 2
6972 1
6973 2
6974 4
6975 2
6976 1
6977 1
6978 1
6979 5
6980 2
6981 3
6982 2
6983 3
6984 2
6985 4
6986 3
6987 2
6988 1
6989 5
6990 3
6991 3
6992 1
6993 3
6994 2
6995 2
6996 5
6997 5
6998 1
6999 4
7000 2
7001 5
7002 1
7003 1
7004 2
7005 1
7006 2
7007 2
7008 2
7009 4
7010 3
7011 1
7012 5
7013 1
7014 1
7015 4
7016 5
7017 5
7018 4
7019 2
7020 3
7021 2
7022 4
7023 1
7024 1
7025 1
7026 5
7027 1
7028 1
7029 4
7030 2
7031 1
7032 5
7033 5
7034 5
7035 1
7036 5
7037 3
7038 1
7039 1
7040 3
7041 2
7042 2
7043 2
7044 3
7045 5
7046 4
7047 3
7048 4
7049 1
7050 4
7051 5
7052 1
7053 4
7054 4
7055 4
7056 4
7057 3
7058 1
7059 2
7060 3
7061 5
7062 3
7063 3
7064 2
7065 2
7066 4
7067 1
7068 3
7069 2
7070 5
7071 5
7072 5
7073 1
7074 5
7075 5
7076 5
7077 2
7078 1
7079 1
7080 5
7081 1
7082 5
7083 1
7084 2
7085 3
7086 4
7087 4
7088 5
7089 1
7090 5
7091 3
7092 3
7093 4
7094 3
7095 4
7096 5
7097 5
7098 2
7099 4
7100 2
7101 1
7102 4
7103 5
7104 4
7105 2
7106 2
7107 3
7108 3
7109 5
7110 5
7111 3
7112 4
7113 2
7114 5
7115 3
7116 5
7117 5
7118 4
7119 1
7120 1
7121 4
7122 4
7123 4
7124 1
7125 1
7126 3
7127 5
7128 5
7129 3
7130 2
7131 3
7132 3
7133 1
7134 1
7135 5
7136 1
7137 3
7138 4
7139 5
7140 3
7141 5
7142 2
7143 1
7144 3
7145 3
7146 5
7147 2
7148 1
7149 4
7150 4
7151 3
7152 1
7153 5
7154 4
7155 1
7156 2
7157 5
7158 3
7159 4
7160 5
7161 5
7162 1
7163 3
7164 3
7165 5
7166 4
7167 4
7168 5
7169 3
7170 2
7171 4
7172 4
7173 3
7174 4
7175 5
7176 5
7177 2
7178 1
7179 5
7180 4
7181 1
7182 2
7183 4
7184 1
7185 3
7186 5
7187 3
7188 5
7189 2
7190 1
7191 4
7192 4
7193 1
7194 4
7195 5
7196 5
7197 1
7198 1
7199 1
7200 5
7201 2
7202 3
7203 3
7204 4
7205 2
7206 1
7207 2
7208 3
7209 4
7210 2
7211 4
7212 3
7213 5
7214 4
7215 2
7216 5
7217 5
7218 2
7219 2
7220 5
7221 1
7222 4
7223 2
7224 4
7225 3
7226 5
7227 1
7228 4
7229 2
7230 1
7231 2
7232 5
7233 4
7234 5
7235 2
7236 2
7237 5
7238 4
7239 3
7240 1
7241 2
7242 5
7243 5
7244 5
7245 1
7246 2
7247 5
7248 2
7249 2
7250 4
7251 1
7252 5
7253 2
7254 2
7255 3
7256 3
7257 2
7258 4
7259 5
7260 2
7261 5
7262 4
7263 4
7264 2
7265 1
7266 5
7267 4
7268 5
7269 4
7270 2
7271 4
7272 4
7273 4
7274 1
7275 5
7276 4
7277 5
7278 5
7279 4
7280 3
7281 5
7282 3
7283 3
7284 5
7285 3
7286 3
7287 2
7288 4
7289 4
7290 3
7291 3
7292 5
7293 3
7294 1
7295 3
7296 1
7297 5
7298 5
7299 3
7300 1
7301 2
7302 5
7303 5
7304 1
7305 4
7306 3
7307 5
7308 2
7309 5
7310 2
7311 5
7312 4
7313 4
7314 4
7315 2
7316 4
7317 1
7318 5
7319 3
7320 3
7321 1
7322 5
7323 5
7324 3
7325 3
7326 1
7327 3
7328 1
7329 4
7330 3
7331 4
7332 3
7333 3
7334 1
7335 2
7336 3
7337 2
7338 1
7339 3
7340 2
7341 5
7342 1
7343 4
7344 5
7345 3
7346 4
7347 1
7348 2
7349 2
7350 1
7351 4
7352 3
7353 5
7354 1
7355 3
7356 2
7357 4
7358 4
7359 3
7360 3
7361 4
7362 2
7363 1
7364 5
7365 4
7366 4
7367 3
7368 5
7369 4
7370 3
7371 1
7372 2
7373 2
7374 3
7375 2
7376 3
7377 1
7378 3
7379 4
7380 4
7381 2
7382 3
7383 1
7384 3
7385 2
7386 4
7387 1
7388 1
7389 1
7390 5
7391 3
7392 4
7393 1
7394 1
7395 4
7396 5
7397 2
7398 5
7399 2
7400 4
7401 4
7402 5
7403 4
7404 1
7405 3
7406 5
7407 4
7408 4
7409 3
7410 1
7411 1
7412 4
7413 5
7414 2
7415 1
7416 1
7417 4
7418 3
7419 1
7420 3
7421 4
7422 1
7423 4
7424 3
7425 5
7426 5
7427 1
7428 5
7429 5
7430 3
7431 2
7432 5
7433 5
7434 2
7435 5
7436 5
7437 3
7438 2
7439 3
7440 5
7441 2
7442 5
7443 5
7444 5
7445 3
7446 5
7447 4
7448 2
7449 5
7450 2
7451 1
7452 2
7453 5
7454 2
7455 5
7456 2
7457 1
7458 2
7459 2
7460 4
7461 4
7462 4
7463 2
7464 4
7465 3
7466 4
7467 2
7468 1
7469 1
7470 1
7471 4
7472 1
7473 1
7474 3
7475 2
7476 5
7477 3
7478 5
7479 2
7480 5
7481 3
7482 5
7483 4
7484 4
7485 1
7486 4
7487 2
7488 1
7489 1
7490 1
7491 5
7492 1
7493 5
7494 4
7495 3
7496 1
7497 5
7498 3
7499 4
7500 1
7501 5
7502 4
7503 4
7504 3
7505 3
7506 5
7507 1
7508 1
7509 3
7510 4
7511 5
7512 2
7513 1
7514 5
7515 1
7516 2
7517 4
7518 1
7519 5
7520 1
7521 4
7522 3
7523 4
7524 4
7525 2
7526 1
7527 3
7528 2
7529 3
7530 1
7531 3
7532 5
7533 4
7534 3
7535 5
7536 2
7537 2
7538 1
7539 3
7540 4
7541 5
7542 5
7543 3
7544 1
7545 3
7546 4
7547 5
7548 4
7549 2
7550 3
7551 1
7552 5
7553 2
7554 3
7555 5
7556 2
7557 4
7558 1
7559 3
7560 2
7561 2
7562 1
7563 3
7564 3
7565 4
7566 4
7567 1
7568 3
7569 4
7570 2
7571 4
7572 2
7573 3
7574 3
7575 2
7576 1
7577 1
7578 1
7579 3
7580 3
7581 2
7582 4
7583 1
7584 4
7585 4
7586 4
7587 4
7588 3
7589 3
7590 1
7591 5
7592 1
7593 2
7594 2
7595 1
7596 1
7597 4
7598 5
7599 3
7600 1
7601 4
7602 4
7603 2
7604 4
7605 2
7606 3
7607 1
7608 1
7609 2
7610 4
7611 1
7612 5
7613 1
7614 4
7615 4
7616 2
7617 1
7618 2
7619 4
7620 1
7621 4
7622 1
7623 1
7624 1
7625 2
7626 1
7627 4
7628 3
7629 3
7630 1
7631 5
7632 1
7633 4
7634 2
7635 1
7636 1
7637 1
7638 1
7639 2
7640 4
7641 5
7642 3
7643 4
7644 4
7645 4
7646 4
7647 1
7648 3
7649 2
7650 4
7651 1
7652 1
7653 3
7654 2
7655 2
7656 5
7657 2
7658 5
7659 1
7660 1
7661 4
7662 5
7663 1
7664 5
7665 4
7666 1
7667 1
7668 5
7669 5
7670 1
7671 2
7672 5
7673 2
7674 3
7675 5
7676 1
7677 4
7678 2
7679 5
7680 1
7681 4
7682 5
7683 4
7684 1
7685 1
7686 4
7687 3
7688 5
7689 2
7690 4
7691 3
7692 3
7693 1
7694 5
7695 5
7696 1
7697 5
7698 5
7699 5
7700 1
7701 1
7702 4
7703 4
7704 5
7705 5
7706 1
7707 5
7708 1
7709 1
7710 3
7711 2
7712 4
7713 1
7714 2
7715 2
7716 2
7717 3
7718 5
7719 4
7720 2
7721 2
7722 2
7723 5
7724 3
7725 5
7726 2
7727 4
7728 3
7729 2
7730 2
7731 3
7732 1
7733 1
7734 4
7735 4
7736 5
7737 2
7738 3
7739 2
7740 2
7741 3
7742 3
7743 1
7744 1
7745 3
7746 3
7747 2
7748 4
7749 4
7750 3
7751 3
7752 3
7753 4
7754 1
7755 1
7756 1
7757 4
7758 1
7759 3
7760 5
7761 3
7762 5
7763 5
7764 4
7765 4
7766 5
7767 2
7768 2
7769 2
7770 1
7771 5
7772 5
7773 1
7774 5
7775 4
7776 4
7777 4
7778 5
7779 4
7780 3
7781 5
7782 1
7783 2
7784 5
7785 4
7786 4
7787 3
7788 2
7789 2
7790 5
7791 5
7792 3
7793 4
7794 3
7795 1
7796 4
7797 5
7798 3
7799 4
7800 3
7801 3
7802 5
7803 2
7804 3
7805 2
7806 4
7807 2
7808 3
7809 4
7810 2
7811 1
7812 4
7813 2
7814 3
7815 4
7816 4
7817 2
7818 1
7819 3
7820 5
7821 3
7822 5
7823 2
7824 1
7825 2
7826 3
7827 4
7828 4
7829 4
7830 5
7831 3
7832 3
7833 4
7834 3
7835 5
7836 4
7837 3
7838 5
7839 3
7840 2
7841 4
7842 4
7843 3
7844 5
7845 2
7846 5
7847 3
7848 3
7849 5
7850 5
7851 4
7852 3
7853 5
7854 3
7855 4
7856 4
7857 2
7858 3
7859 1
7860 1
7861 5
7862 5
7863 3
7864 4
7865 3
7866 3
7867 4
7868 3
7869 5
7870 1
7871 3
7872 3
7873 2
7874 2
7875 5
7876 3
7877 3
7878 3
7879 1
7880 1
7881 4
7882 5
7883 5
7884 5
7885 1
7886 5
7887 1
7888 5
7889 5
7890 3
7891 3
7892 4
7893 2
7894 1
7895 3
7896 1
7897 1
7898 5
7899 3
7900 2
7901 5
7902 5
7903 1
7904 1
7905 4
7906 2
7907 3
7908 5
7909 5
7910 3
7911 5
7912 5
7913 1
7914 1
7915 1
7916 5
7917 3
7918 1
7919 5
7920 2
7921 1
7922 2
7923 4
7924 1
7925 2
7926 4
7927 2
7928 4
7929 4
7930 1
7931 5
7932 1
7933 2
7934 2
7935 3
7936 5
7937 2
7938 2
7939 5
7940 2
7941 2
7942 1
7943 2
7944 1
7945 2
7946 1
7947 3
7948 1
7949 5
7950 2
7951 2
7952 4
7953 5
7954 5
7955 1
7956 3
7957 3
7958 1
7959 1
7960 5
7961 2
7962 1
7963 2
7964 4
7965 2
7966 4
7967 3
7968 2
7969 1
7970 5
7971 3
7972 3
7973 3
7974 2
7975 5
7976 3
7977 3
7978 3
7979 4
7980 2
7981 1
7982 5
7983 1
7984 3
7985 3
7986 3
7987 1
7988 5
7989 1
7990 1
7991 2
7992 2
7993 5
7994 5
7995 4
7996 2
7997 5
7998 1
7999 5
8000 5
8001 4
8002 4
8003 5
8004 5
8005 3
8006 5
8007 3
8008 2
8009 3
8010 1
8011 4
8012 1
8013 3
8014 3
8015 3
8016 3
8017 2
8018 4
8019 3
8020 1
8021 4
8022 2
8023 3
8024 3
8025 1
8026 5
8027 2
8028 4
8029 1
8030 1
8031 5
8032 3
8033 1
8034 1
8035 2
8036 5
8037 2
8038 3
8039 5
8040 1
8041 2
8042 5
8043 5
8044 3
8045 5
8046 4
8047 1
8048 1
8049 2
8050 4
8051 4
8052 4
8053 1
8054 3
8055 4
8056 3
8057 4
8058 1
8059 5
8060 3
8061 5
8062 4
8063 2
8064 5
8065 4
8066 1
8067 1
8068 2
8069 5
8070 2
8071 4
8072 2
8073 5
8074 1
8075 4
8076 2
8077 5
8078 5
8079 2
8080 1
8081 5
8082 2
8083 1
8084 2
8085 4
8086 3
8087 4
8088 3
8089 1
8090 4
8091 1
8092 2
8093 2
8094 4
8095 5
8096 4
8097 1
8098 4
8099 2
8100 1
8101 2
8102 5
8103 4
8104 4
8105 2
8106 4
8107 1
8108 4
8109 5
8110 2
8111 4
8112 2
8113 1
8114 2
8115 5
8116 5
8117 3
8118 2
8119 1
8120 3
8121 5
8122 3
8123 3
8124 3
8125 4
8126 4
8127 4
8128 5
8129 3
8130 2
8131 1
8132 1
8133 5
8134 3
8135 1
8136 1
8137 3
8138 2
8139 2
8140 2
8141 3
8142 3
8143 4
8144 1
8145 5
8146 4
8147 4
8148 5
8149 5
8150 1
8151 4
8152 1
8153 5
8154 3
8155 2
8156 3
8157 4
8158 2
8159 4
8160 2
8161 1
8162 5
8163 4
8164 2
8165 1
8166 5
8167 3
8168 5
8169 2
8170 4
8171 1
8172 4
8173 5
8174 3
8175 5
8176 5
8177 4
8178 5
8179 1
8180 5
8181 5
8182 1
8183 5
8184 5
8185 1
8186 2
8187 1
8188 1
8189 5
8190 1
8191 3
8192 1
8193 5
8194 1
8195 5
8196 1
8197 1
8198 5
8199 5
8200 5
8201 3
8202 2
8203 4
8204 4
8205 3
8206 5
8207 5
8208 1
8209 1
8210 3
8211 3
8212 2
8213 4
8214 3
8215 1
8216 5
8217 5
8218 5
8219 4
8220 1
8221 2
8222 1
8223 1
8224 2
8225 2
8226 2
8227 3
8228 1
8229 4
8230 5
8231 4
8232 4
8233 1
8234 3
8235 1
8236 2
8237 5
8238 3
8239 4
8240 5
8241 4
8242 1
8243 3
8244 3
8245 1
8246 1
8247 3
8248 2
8249 3
8250 5
8251 5
8252 4
8253 3
8254 3
8255 1
8256 1
8257 5
8258 1
8259 5
8260 5
8261 3
8262 2
8263 4
8264 4
8265 3
8266 5
8267 1
8268 5
8269 5
8270 2
8271 5
8272 5
8273 1
8274 1
8275 3
8276 5
8277 5
8278 3
8279 4
8280 5
8281 5
8282 1
8283 3
8284 1
8285 2
8286 2
8287 4
8288 3
8289 4
8290 1
8291 3
8292 3
8293 2
8294 3
8295 3
8296 5
8297 4
8298 5
8299 5
8300 5
8301 2
8302 4
8303 5
8304 5
8305 3
8306 2
8307 4
8308 4
8309 3
8310 1
8311 1
8312 2
8313 1
8314 5
8315 3
8316 2
8317 1
8318 1
8319 1
8320 3
8321 3
8322 2
8323 4
8324 3
8325 5
8326 3
8327 3
8328 3
8329 5
8330 4
8331 2
8332 1
8333 3
8334 2
8335 5
8336 3
8337 1
8338 4
8339 4
8340 2
8341 1
8342 5
8343 4
8344 2
8345 4
8346 5
8347 3
8348 3
8349 3
8350 4
8351 2
8352 5
8353 1
8354 5
8355 1
8356 1
8357 5
8358 5
8359 3
8360 5
8361 3
8362 2
8363 4
8364 2
8365 2
8366 4
8367 2
8368 5
8369 5
8370 3
8371 5
8372 5
8373 2
8374 4
8375 1
8376 4
8377 1
8378 2
8379 5
8380 2
8381 1
8382 5
8383 4
8384 4
8385 3
8386 5
8387 1
8388 4
8389 4
8390 4
8391 4
8392 3
8393 5
8394 1
8395 3
8396 3
8397 4
8398 1
8399 4
8400 3
8401 5
8402 2
8403 3
8404 5
8405 3
8406 4
8407 2
8408 3
8409 4
8410 4
8411 3
8412 3
8413 2
8414 2
8415 1
8416 1
8417 2
8418 1
8419 1
8420 1
8421 4
8422 1
8423 2
8424 2
8425 3
8426 5
8427 5
8428 3
8429 4
8430 2
8431 3
8432 5
8433 3
8434 2
8435 5
8436 5
8437 2
8438 1
8439 1
8440 1
8441 2
8442 4
8443 1
8444 1
8445 3
8446 2
8447 4
8448 5
8449 5
8450 2
8451 3
8452 2
8453 4
8454 5
8455 4
8456 1
8457 3
8458 4
8459 4
8460 3
8461 5
8462 4
8463 3
8464 3
8465 4
8466 2
8467 5
8468 1
8469 4
8470 4
8471 1
8472 3
8473 2
8474 2
8475 1
8476 1
8477 5
8478 3
8479 3
8480 2
8481 2
8482 3
8483 2
8484 5
8485 1
8486 3
8487 3
8488 3
8489 2
8490 5
8491 5
8492 1
8493 3
8494 5
8495 3
8496 3
8497 1
8498 5
8499 5
8500 4
8501 3
8502 5
8503 5
8504 3
8505 5
8506 5
8507 4
8508 5
8509 4
8510 1
8511 1
8512 4
8513 1
8514 2
8515 5
8516 4
8517 1
8518 1
8519 3
8520 4
8521 3
8522 3
8523 2
8524 4
8525 4
8526 3
8527 4
8528 1
8529 1
8530 5
8531 1
8532 2
8533 3
8534 1
8535 5
8536 4
8537 2
8538 4
8539 3
8540 1
8541 3
8542 1
8543 3
8544 5
8545 2
8546 1
8547 4
8548 5
8549 5
8550 5
8551 1
8552 5
8553 2
8554 4
8555 1
8556 5
8557 1
8558 2
8559 3
8560 3
8561 4
8562 5
8563 4
8564 3
8565 3
8566 1
8567 5
8568 1
8569 4
8570 3
8571 4
8572 1
8573 4
8574 2
8575 4
8576 4
8577 1
8578 4
8579 4
8580 3
8581 3
8582 2
8583 4
8584 2
8585 1
8586 4
8587 5
8588 4
8589 1
8590 3
8591 1
8592 4
8593 3
8594 4
8595 4
8596 1
8597 3
8598 1
8599 2
8600 1
8601 3
8602 1
8603 3
8604 3
8605 1
8606 4
8607 1
8608 5
8609 1
8610 5
8611 4
8612 4
8613 1
8614 5
8615 2
8616 1
8617 5
8618 1
8619 4
8620 4
8621 2
8622 4
8623 1
8624 4
8625 1
8626 2
8627 4
8628 4
8629 3
8630 4
8631 2
8632 3
8633 5
8634 1
8635 4
8636 4
8637 2
8638 5
8639 5
8640 2
8641 5
8642 2
8643 4
8644 5
8645 1
8646 1
8647 4
8648 2
8649 2
8650 4
8651 5
8652 4
8653 3
8654 4
8655 2
8656 1
8657 2
8658 1
8659 5
8660 4
8661 5
8662 4
8663 3
8664 5
8665 2
8666 2
8667 5
8668 3
8669 3
8670 3
8671 3
8672 1
8673 2
8674 4
8675 5
8676 3
8677 4
8678 4
8679 1
8680 4
8681 5
8682 3
8683 5
8684 5
8685 5
8686 3
8687 1
8688 2
8689 3
8690 2
8691 1
8692 3
8693 5
8694 5
8695 2
8696 3
8697 4
8698 3
8699 2
8700 3
8701 1
8702 2
8703 5
8704 4
8705 5
8706 3
8707 4
8708 4
8709 5
8710 1
8711 3
8712 3
8713 4
8714 3
8715 2
8716 1
8717 5
8718 1
8719 5
8720 1
8721 1
8722 5
8723 5
8724 5
8725 4
8726 1
8727 2
8728 5
8729 1
8730 1
8731 3
8732 1
8733 5
8734 1
8735 3
8736 1
8737 5
8738 3
8739 4
8740 3
8741 4
8742 2
8743 1
8744 2
8745 3
8746 1
8747 1
8748 5
8749 4
8750 1
8751 1
8752 1
8753 5
8754 5
8755 3
8756 5
8757 4
8758 3
8759 2
8760 4
8761 4
8762 5
8763 2
8764 1
8765 2
8766 3
8767 2
8768 5
8769 5
8770 3
8771 4
8772 1
8773 2
8774 5
8775 2
8776 3
8777 3
8778 4
8779 3
8780 5
8781 4
8782 1
8783 4
8784 5
8785 4
8786 4
8787 4
8788 3
8789 3
8790 3
8791 2
8792 1
8793 3
8794 3
8795 1
8796 1
8797 1
8798 4
8799 2
8800 4
8801 3
8802 3
8803 4
8804 1
8805 3
8806 2
8807 4
8808 4
8809 1
8810 1
8811 3
8812 3
8813 3
8814 5
8815 4
8816 4
8817 1
8818 4
8819 3
8820 2
8821 2
8822 1
8823 5
8824 1
8825 4
8826 1
8827 1
8828 5
8829 2
8830 2
8831 2
8832 1
8833 5
8834 3
8835 2
8836 4
8837 3
8838 2
8839 5
8840 5
8841 1
8842 1
8843 4
8844 4
8845 4
8846 4
8847 5
8848 4
8849 3
8850 5
8851 5
8852 5
8853 1
8854 3
8855 3
8856 3
8857 2
8858 5
8859 5
8860 2
8861 5
8862 2
8863 3
8864 4
8865 2
8866 4
8867 5
8868 4
8869 1
8870 3
8871 3
8872 2
8873 5
8874 2
8875 2
8876 3
8877 5
8878 1
8879 3
8880 2
8881 4
8882 2
8883 3
8884 3
8885 3
8886 4
8887 3
8888 2
8889 2
8890 4
8891 1
8892 2
8893 4
8894 4
8895 2
8896 4
8897 5
8898 5
8899 1
8900 3
8901 4
8902 4
8903 1
8904 3
8905 3
8906 2
8907 4
8908 4
8909 5
8910 3
8911 3
8912 1
8913 3
8914 2
8915 3
8916 1
8917 5
8918 4
8919 4
8920 1
8921 4
8922 3
8923 3
8924 1
8925 1
8926 3
8927 1
8928 4
8929 5
8930 4
8931 3
8932 3
8933 1
8934 5
8935 2
8936 2
8937 2
8938 5
8939 2
8940 1
8941 4
8942 4
8943 5
8944 1
8945 3
8946 5
8947 3
8948 3
8949 5
8950 4
8951 1
8952 1
8953 4
8954 2
8955 4
8956 2
8957 2
8958 4
8959 4
8960 2
8961 5
8962 5
8963 2
8964 5
8965 3
8966 3
8967 2
8968 2
8969 1
8970 4
8971 1
8972 2
8973 3
8974 2
8975 4
8976 3
8977 5
8978 5
8979 5
8980 4
8981 1
8982 5
8983 1
8984 4
8985 3
8986 1
8987 1
8988 1
8989 4
8990 3
8991 2
8992 1
8993 2
8994 5
8995 5
8996 4
8997 5
8998 3
8999 4
9000 3
9001 2
9002 2
9003 1
9004 1
9005 4
9006 4
9007 3
9008 5
9009 4
9010 4
9011 1
9012 4
9013 4
9014 1
9015 2
9016 3
9017 4
9018 4
9019 1
9020 5
9021 4
9022 2
9023 3
9024 2
9025 4
9026 3
9027 2
9028 2
9029 5
9030 1
9031 1
9032 2
9033 2
9034 4
9035 3
9036 5
9037 3
9038 5
9039 4
9040 2
9041 5
9042 2
9043 3
9044 3
9045 4
9046 3
9047 1
9048 5
9049 2
9050 2
9051 4
9052 1
9053 3
9054 1
9055 4
9056 4
9057 5
9058 3
9059 5
9060 2
9061 1
9062 3
9063 2
9064 5
9065 3
9066 5
9067 4
9068 4
9069 4
9070 5
9071 5
9072 5
9073 4
9074 1
9075 2
9076 1
9077 3
9078 1
9079 3
9080 2
9081 5
9082 5
9083 4
9084 5
9085 1
9086 5
9087 2
9088 1
9089 4
9090 3
9091 4
9092 3
9093 2
9094 3
9095 2
9096 2
9097 3
9098 5
9099 4
9100 3
9101 2
9102 5
9103 3
9104 5
9105 1
9106 3
9107 5
9108 3
9109 4
9110 1
9111 2
9112 5
9113 3
9114 3
9115 3
9116 3
9117 1
9118 1
9119 4
9120 5
9121 4
9122 5
9123 4
9124 5
9125 2
9126 2
9127 4
9128 4
9129 2
9130 2
9131 5
9132 3
9133 5
9134 1
9135 3
9136 1
9137 2
9138 3
9139 2
9140 3
9141 5
9142 3
9143 3
9144 1
9145 1
9146 1
9147 1
9148 3
9149 1
9150 3
9151 3
9152 3
9153 5
9154 5
9155 1
9156 2
9157 5
9158 2
9159 4
9160 5
9161 4
9162 3
9163 1
9164 2
9165 4
9166 3
9167 4
9168 5
9169 5
9170 2
9171 4
9172 2
9173 3
9174 5
9175 5
9176 3
9177 2
9178 4
9179 1
9180 4
9181 4
9182 4
9183 4
9184 1
9185 3
9186 4
9187 2
9188 4
9189 4
9190 3
9191 3
9192 3
9193 2
9194 5
9195 4
9196 1
9197 5
9198 2
9199 4
9200 1
9201 2
9202 1
9203 3
9204 1
9205 1
9206 3
9207 1
9208 5
9209 3
9210 3
9211 5
9212 3
9213 2
9214 3
9215 2
9216 1
9217 3
9218 4
9219 1
9220 1
9221 4
9222 1
9223 5
9224 5
9225 5
9226 2
9227 2
9228 4
9229 4
9230 4
9231 4
9232 4
9233 3
9234 4
9235 4
9236 1
9237 1
9238 4
9239 1
9240 4
9241 2
9242 4
9243 1
9244 2
9245 3
9246 2
9247 1
9248 2
9249 5
9250 3
9251 4
9252 3
9253 1
9254 2
9255 2
9256 5
9257 5
9258 5
9259 3
9260 4
9261 1
9262 2
9263 1
9264 2
9265 5
9266 1
9267 2
9268 1
9269 2
9270 2
9271 2
9272 4
9273 4
9274 1
9275 4
9276 2
9277 4
9278 5
9279 5
9280 2
9281 2
9282 2
9283 5
9284 5
9285 1
9286 4
9287 3
9288 1
9289 5
9290 4
9291 2
9292 5
9293 1
9294 1
9295 4
9296 3
9297 1
9298 5
9299 2
9300 5
9301 4
9302 5
9303 3
9304 1
9305 4
9306 2
9307 5
9308 1
9309 2
9310 5
9311 3
9312 1
9313 1
9314 3
9315 2
9316 4
9317 2
9318 5
9319 1
9320 4
9321 2
9322 1
9323 3
9324 1
9325 2
9326 4
9327 1
9328 1
9329 4
9330 2
9331 5
9332 4
9333 2
9334 5
9335 5
9336 2
9337 4
9338 5
9339 4
9340 2
9341 5
9342 2
9343 2
9344 4
9345 5
9346 3
9347 3
9348 4
9349 1
9350 1
9351 5
9352 4
9353 1
9354 3
9355 1
9356 1
9357 4
9358 1
9359 4
9360 5
9361 3
9362 5
9363 2
9364 2
9365 2
9366 5
9367 2
9368 3
9369 5
9370 4
9371 4
9372 4
9373 3
9374 4
9375 2
9376 4
9377 5
9378 2
9379 4
9380 1
9381 3
9382 2
9383 4
9384 3
9385 5
9386 4
9387 4
9388 5
9389 2
9390 5
9391 5
9392 5
9393 4
9394 3
9395 5
9396 4
9397 1
9398 2
9399 3
9400 4
9401 4
9402 5
9403 4
9404 4
9405 1
9406 3
9407 3
9408 5
9409 3
9410 2
9411 2
9412 3
9413 4
9414 3
9415 4
9416 1
9417 4
9418 3
9419 5
9420 5
9421 4
9422 4
9423 3
9424 3
9425 4
9426 1
9427 3
9428 5
9429 2
9430 4
9431 5
9432 1
9433 3
9434 3
9435 1
9436 4
9437 2
9438 3
9439 2
9440 2
9441 1
9442 3
9443 3
9444 2
9445 3
9446 3
9447 3
9448 3
9449 2
9450 4
9451 3
9452 1
9453 3
9454 3
9455 4
9456 5
9457 4
9458 2
9459 2
9460 3
9461 3
9462 4
9463 1
9464 2
9465 5
9466 3
9467 4
9468 1
9469 5
9470 4
9471 1
9472 2
9473 4
9474 3
9475 2
9476 1
9477 5
9478 1
9479 2
9480 3
9481 1
9482 1
9483 2
9484 1
9485 5
9486 2
9487 3
9488 4
9489 3
9490 1
9491 1
9492 5
9493 4
9494 4
9495 1
9496 3
9497 5
9498 5
9499 1
9500 1
9501 1
9502 3
9503 3
9504 5
9505 2
9506 2
9507 5
9508 2
9509 3
9510 1
9511 1
9512 2
9513 5
9514 1
9515 3
9516 4
9517 2
9518 5
9519 4
9520 5
9521 4
9522 4
9523 4
9524 3
9525 1
9526 5
9527 4
9528 5
9529 3
9530 4
9531 2
9532 3
9533 4
9534 4
9535 2
9536 4
9537 1
9538 1
9539 2
9540 5
9541 1
9542 3
9543 4
9544 1
9545 4
9546 3
9547 1
9548 4
9549 3
9550 1
9551 5
9552 1
9553 2
9554 1
9555 2
9556 3
9557 3
9558 5
9559 5
9560 1
9561 2
9562 1
9563 4
9564 2
9565 2
9566 1
9567 4
9568 1
9569 1
9570 1
9571 1
9572 5
9573 5
9574 3
9575 3
9576 2
9577 2
9578 5
9579 3
9580 2
9581 3
9582 4
9583 4
9584 1
9585 1
9586 5
9587 5
9588 2
9589 1
9590 1
9591 4
9592 3
9593 4
9594 5
9595 1
9596 3
9597 1
9598 1
9599 4
9600 1
9601 1
9602 2
9603 5
9604 2
9605 2
9606 1
9607 2
9608 3
9609 1
9610 1
9611 2
9612 1
9613 2
9614 1
9615 5
9616 4
9617 4
9618 5
9619 1
9620 3
9621 2
9622 1
9623 2
9624 3
9625 1
9626 5
9627 1
9628 4
9629 4
9630 3
9631 1
9632 5
9633 3
9634 2
9635 3
9636 5
9637 1
9638 4
9639 1
9640 3
9641 1
9642 4
9643 2
9644 3
9645 2
9646 2
9647 1
9648 2
9649 5
9650 1
9651 1
9652 5
9653 1
9654 2
9655 4
9656 3
9657 4
9658 3
9659 3
9660 3
9661 5
9662 5
9663 4
9664 1
9665 1
9666 5
9667 4
9668 4
9669 5
9670 1
9671 2
9672 2
9673 5
9674 5
9675 1
9676 5
9677 2
9678 4
9679 3
9680 4
9681 4
9682 5
9683 2
9684 4
9685 2
9686 5
9687 4
9688 4
9689 1
9690 2
9691 1
9692 4
9693 1
9694 3
9695 3
9696 3
9697 2
9698 4
9699 4
9700 3
9701 5
9702 4
9703 1
9704 4
9705 3
9706 5
9707 2
9708 5
9709 3
9710 1
9711 4
9712 4
9713 1
9714 5
9715 5
9716 1
9717 2
9718 1
9719 4
9720 2
9721 1
9722 5
9723 5
9724 1
9725 5
9726 1
9727 1
9728 1
9729 2
9730 3
9731 2
9732 5
9733 2
9734 2
9735 3
9736 5
9737 4
9738 5
9739 1
9740 3
9741 1
9742 5
9743 1
9744 3
9745 1
9746 3
9747 3
9748 2
9749 5
9750 5
9751 2
9752 5
9753 3
9754 1
9755 4
9756 5
9757 3
9758 1
9759 5
9760 5
9761 2
9762 4
9763 3
9764 2
9765 1
9766 3
9767 4
9768 1
9769 5
9770 3
9771 3
9772 4
9773 4
9774 1
9775 3
9776 4
9777 2
9778 3
9779 2
9780 2
9781 3
9782 5
9783 2
9784 3
9785 1
9786 2
9787 5
9788 3
9789 1
9790 3
9791 2
9792 3
9793 5
9794 3
9795 4
9796 5
9797 1
9798 1
9799 2
9800 5
9801 3
9802 3
9803 1
9804 1
9805 1
9806 4
9807 3
9808 3
9809 3
9810 5
9811 4
9812 5
9813 4
9814 5
9815 3
9816 5
9817 3
9818 3
9819 4
9820 5
9821 1
9822 2
9823 1
9824 4
9825 3
9826 4
9827 3
9828 5
9829 3
9830 1
9831 2
9832 2
9833 1
9834 2
9835 5
9836 4
9837 3
9838 4
9839 4
9840 1
9841 2
9842 5
9843 1
9844 1
9845 5
9846 1
9847 4
9848 3
9849 2
9850 1
9851 5
9852 5
9853 4
9854 3
9855 3
9856 2
9857 3
9858 3
9859 5
9860 5
9861 4
9862 4
9863 4
9864 1
9865 2
9866 1
9867 4
9868 4
9869 4
9870 5
9871 5
9872 4
9873 2
9874 1
9875 1
9876 5
9877 1
9878 5
9879 1
9880 4
9881 1
9882 1
9883 1
9884 1
9885 3
9886 2
9887 1
9888 2
9889 3
9890 1
9891 3
9892 4
9893 3
9894 4
9895 1
9896 5
9897 3
9898 4
9899 3
9900 4
9901 5
9902 1
9903 5
9904 4
9905 4
9906 3
9907 4
9908 1
9909 4
9910 1
9911 4
9912 4
9913 3
9914 2
9915 5
9916 3
9917 1
9918 1
9919 3
9920 3
9921 4
9922 1
9923 3
9924 4
9925 3
9926 3
9927 5
9928 4
9929 1
9930 1
9931 1
9932 1
9933 5
9934 4
9935 2
9936 4
9937 2
9938 2
9939 2
9940 5
9941 2
9942 5
9943 1
9944 3
9945 1
9946 4
9947 1
9948 3
9949 4
9950 2
9951 5
9952 1
9953 1
9954 5
9955 3
9956 5
9957 3
9958 3
9959 5
9960 1
9961 3
9962 3
9963 2
9964 2
9965 2
9966 1
9967 3
9968 1
9969 5
9970 3
9971 1
9972 5
9973 5
9974 4
9975 4
9976 2
9977 3
9978 3
9979 1
9980 1
9981 5
9982 1
9983 1
9984 3
9985 3
9986 4
9987 4
9988 2
9989 5
9990 3
9991 2
9992 4
9993 2
9994 2
9995 1
9996 4
9997 5
9998 1
9999 2
10000 4
