3
5
1 1 9 7 6 5 4
2 7 6 10 8 1 7
3 3 3 5 9 7 5
500
1 4
2 2
3 1
4 2
5 3
6 3
7 2
8 1
9 2
10 2
11 5
12 3
13 5
14 1
15 5
16 3
17 5
18 4
19 1
20 2
21 5
22 1
23 5
24 1
25 5
26 4
27 2
28 2
29 4
30 2
31 1
32 5
33 1
34 3
35 3
36 1
37 3
38 4
39 4
40 4
41 4
42 4
43 3
44 4
45 4
46 4
47 5
48 3
49 1
50 1
51 2
52 1
53 4
54 1
55 3
56 1
57 5
58 1
59 1
60 2
61 5
62 2
63 1
64 5
65 1
66 3
67 5
68 2
69 1
70 2
71 4
72 4
73 2
74 3
75 5
76 2
77 2
78 5
79 5
80 5
81 4
82 2
83 3
84 2
85 4
86 4
87 4
88 2
89 2
90 3
91 3
92 1
93 1
94 1
95 3
96 2
97 4
98 4
99 5
100 2
101 5
102 5
103 4
104 1
105 5
106 5
107 4
108 5
109 4
110 5
111 3
112 5
113 2
114 4
115 1
116 5
117 2
118 5
119 3
120 3
121 4
122 5
123 3
124 4
125 4
126 1
127 4
128 1
129 2
130 3
131 5
132 1
133 1
134 4
135 3
136 4
137 2
138 2
139 5
140 4
141 2
142 3
143 4
144 2
145 5
146 3
147 1
148 1
149 3
150 1
151 2
152 3
153 3
154 4
155 4
156 3
157 2
158 3
159 2
160 2
161 2
162 1
163 2
164 1
165 4
166 5
167 2
168 1
169 5
170 1
171 4
172 5
173 4
174 5
175 1
176 5
177 5
178 4
179 1
180 4
181 2
182 4
183 5
184 1
185 5
186 1
187 2
188 4
189 4
190 3
191 5
192 5
193 5
194 2
195 4
196 1
197 1
198 2
199 1
200 5
201 3
202 3
203 1
204 1
205 4
206 1
207 2
208 1
209 5
210 1
211 4
212 3
213 3
214 5
215 5
216 4
217 1
218 1
219 3
220 5
221 3
222 3
223 3
224 4
225 5
226 5
227 2
228 4
229 1
230 3
231 5
232 1
233 3
234 3
235 2
236 3
237 5
238 5
239 5
240 1
241 3
242 3
243 1
244 1
245 5
246 2
247 5
248 2
249 4
250 2
251 5
252 5
253 4
254 1
255 3
256 3
257 1
258 5
259 2
260 5
261 2
262 4
263 4
264 4
265 5
266 4
267 5
268 2
269 3
270 3
271 1
272 3
273 2
274 5
275 4
276 2
277 5
278 4
279 5
280 3
281 2
282 4
283 1
284 3
285 2
286 1
287 3
288 5
289 4
290 4
291 5
292 3
293 5
294 5
295 5
296 1
297 3
298 4
299 4
300 3
301 2
302 3
303 3
304 4
305 5
306 2
307 1
308 4
309 2
310 5
311 5
312 4
313 4
314 4
315 5
316 3
317 4
318 3
319 3
320 4
321 2
322 3
323 2
324 4
325 3
326 5
327 3
328 1
329 1
330 1
331 2
332 2
333 5
334 3
335 3
336 2
337 3
338 1
339 4
340 2
341 5
342 4
343 5
344 4
345 4
346 4
347 5
348 3
349 2
350 2
351 5
352 1
353 2
354 2
355 3
356 1
357 2
358 3
359 3
360 5
361 4
362 2
363 2
364 3
365 2
366 3
367 5
368 3
369 5
370 2
371 5
372 2
373 5
374 4
375 2
376 5
377 5
378 4
379 4
380 1
381 4
382 5
383 2
384 3
385 2
386 3
387 1
388 1
389 2
390 3
391 3
392 4
393 1
394 5
395 5
396 5
397 4
398 5
399 5
400 3
401 2
402 4
403 5
404 5
405 5
406 1
407 3
408 3
409 4
410 2
411 2
412 5
413 5
414 2
415 4
416 5
417 2
418 2
419 1
420 1
421 1
422 1
423 2
424 2
425 2
426 3
427 1
428 1
429 3
430 3
431 3
432 1
433 2
434 3
435 4
436 4
437 5
438 5
439 5
440 1
441 2
442 5
443 5
444 1
445 5
446 2
447 2
448 2
449 3
450 2
451 2
452 4
453 1
454 2
455 4
456 5
457 4
458 5
459 2
460 1
461 5
462 5
463 1
464 4
465 2
466 3
467 1
468 2
469 4
470 5
471 2
472 5
473 2
474 1
475 3
476 4
477 5
478 5
479 4
480 4
481 5
482 4
483 5
484 5
485 5
486 4
487 3
488 3
489 5
490 2
491 3
492 2
493 5
494 3
495 3
496 4
497 4
498 4
499 1
500 2
