3
5
1 2 3 7 6 5 1
2 9 5 7 10 6 7
3 1 8 7 3 8 8
500
1 2
2 4
3 3
4 3
5 5
6 4
7 1
8 5
9 1
10 4
11 2
12 5
13 5
14 3
15 2
16 4
17 2
18 1
19 3
20 5
21 5
22 4
23 1
24 2
25 1
26 1
27 1
28 4
29 3
30 3
31 3
32 3
33 3
34 5
35 5
36 1
37 2
38 1
39 1
40 3
41 3
42 1
43 3
44 5
45 3
46 4
47 1
48 5
49 5
50 3
51 2
52 4
53 2
54 4
55 4
56 3
57 5
58 2
59 2
60 2
61 5
62 5
63 5
64 3
65 4
66 2
67 1
68 3
69 4
70 5
71 1
72 5
73 1
74 3
75 5
76 1
77 3
78 2
79 2
80 2
81 4
82 1
83 4
84 5
85 1
86 5
87 5
88 2
89 3
90 2
91 1
92 1
93 2
94 2
95 2
96 1
97 5
98 5
99 2
100 1
101 3
102 1
103 2
104 1
105 2
106 2
107 2
108 3
109 2
110 3
111 2
112 3
113 3
114 2
115 2
116 5
117 2
118 1
119 5
120 3
121 4
122 5
123 4
124 1
125 5
126 4
127 1
128 3
129 1
130 3
131 1
132 4
133 3
134 2
135 1
136 4
137 5
138 1
139 2
140 4
141 2
142 3
143 4
144 3
145 4
146 3
147 2
148 1
149 3
150 2
151 1
152 5
153 2
154 2
155 2
156 2
157 4
158 2
159 5
160 4
161 1
162 5
163 1
164 2
165 2
166 3
167 2
168 3
169 4
170 3
171 4
172 5
173 5
174 2
175 2
176 5
177 1
178 2
179 1
180 1
181 4
182 2
183 5
184 3
185 5
186 2
187 5
188 1
189 3
190 4
191 3
192 4
193 1
194 1
195 1
196 5
197 3
198 2
199 3
200 4
201 4
202 2
203 3
204 5
205 5
206 4
207 2
208 5
209 1
210 3
211 4
212 1
213 3
214 1
215 4
216 5
217 1
218 4
219 2
220 3
221 3
222 4
223 5
224 1
225 5
226 5
227 2
228 5
229 4
230 2
231 3
232 2
233 4
234 5
235 1
236 1
237 1
238 5
239 4
240 1
241 1
242 4
243 3
244 2
245 3
246 5
247 2
248 1
249 3
250 4
251 3
252 3
253 4
254 5
255 3
256 1
257 5
258 3
259 5
260 1
261 4
262 5
263 5
264 3
265 2
266 2
267 5
268 5
269 2
270 5
271 3
272 3
273 3
274 4
275 1
276 5
277 1
278 2
279 1
280 2
281 2
282 3
283 2
284 4
285 1
286 1
287 2
288 2
289 2
290 4
291 3
292 5
293 4
294 3
295 5
296 2
297 3
298 3
299 1
300 2
301 2
302 3
303 1
304 1
305 5
306 1
307 4
308 3
309 5
310 5
311 1
312 5
313 2
314 2
315 4
316 4
317 4
318 1
319 2
320 2
321 5
322 2
323 1
324 4
325 1
326 2
327 4
328 2
329 4
330 2
331 4
332 4
333 4
334 3
335 5
336 3
337 5
338 1
339 1
340 5
341 3
342 3
343 3
344 2
345 4
346 2
347 1
348 2
349 2
350 1
351 2
352 2
353 5
354 3
355 3
356 3
357 3
358 5
359 1
360 2
361 2
362 3
363 3
364 4
365 3
366 4
367 5
368 4
369 2
370 3
371 1
372 2
373 1
374 1
375 2
376 2
377 2
378 2
379 1
380 5
381 4
382 4
383 5
384 3
385 1
386 4
387 3
388 4
389 1
390 5
391 1
392 5
393 3
394 2
395 5
396 1
397 3
398 3
399 4
400 1
401 2
402 5
403 1
404 4
405 3
406 1
407 1
408 1
409 2
410 1
411 5
412 2
413 4
414 4
415 2
416 5
417 1
418 1
419 2
420 5
421 5
422 1
423 2
424 2
425 1
426 3
427 3
428 2
429 5
430 4
431 2
432 1
433 3
434 3
435 2
436 1
437 1
438 1
439 5
440 1
441 3
442 5
443 3
444 5
445 5
446 4
447 1
448 3
449 1
450 4
451 4
452 4
453 3
454 2
455 3
456 2
457 5
458 1
459 1
460 1
461 4
462 2
463 4
464 4
465 1
466 5
467 4
468 1
469 4
470 2
471 5
472 3
473 2
474 4
475 5
476 1
477 3
478 3
479 2
480 4
481 4
482 4
483 2
484 1
485 4
486 1
487 1
488 5
489 3
490 2
491 4
492 2
493 2
494 5
495 1
496 1
497 1
498 5
499 3
500 2
