3
5
1 27 5 10 3 7 4
2 26 5 2 5 8 4
3 15 10 2 1 5 2
1000
1 4
2 1
3 5
4 4
5 5
6 3
7 4
8 2
9 4
10 2
11 2
12 2
13 4
14 3
15 2
16 2
17 1
18 5
19 3
20 2
21 3
22 1
23 4
24 1
25 1
26 5
27 2
28 3
29 4
30 3
31 2
32 4
33 1
34 5
35 5
36 3
37 2
38 2
39 1
40 2
41 5
42 1
43 2
44 4
45 5
46 2
47 1
48 5
49 4
50 1
51 2
52 3
53 5
54 4
55 4
56 1
57 3
58 5
59 5
60 1
61 3
62 4
63 5
64 3
65 2
66 2
67 3
68 5
69 5
70 4
71 5
72 2
73 1
74 4
75 2
76 2
77 1
78 2
79 1
80 4
81 5
82 4
83 4
84 5
85 4
86 2
87 2
88 2
89 4
90 5
91 3
92 1
93 5
94 4
95 1
96 3
97 4
98 3
99 2
100 1
101 4
102 5
103 1
104 2
105 3
106 2
107 1
108 1
109 4
110 3
111 3
112 4
113 2
114 1
115 3
116 3
117 3
118 1
119 5
120 4
121 5
122 4
123 1
124 2
125 1
126 2
127 5
128 3
129 1
130 1
131 1
132 3
133 4
134 1
135 5
136 1
137 4
138 4
139 4
140 2
141 1
142 3
143 1
144 4
145 3
146 5
147 1
148 2
149 2
150 1
151 3
152 2
153 4
154 2
155 4
156 5
157 1
158 4
159 2
160 5
161 1
162 5
163 4
164 4
165 1
166 1
167 1
168 2
169 5
170 1
171 4
172 4
173 3
174 1
175 4
176 1
177 4
178 2
179 3
180 4
181 4
182 2
183 5
184 4
185 1
186 5
187 1
188 4
189 3
190 3
191 4
192 4
193 5
194 2
195 4
196 4
197 1
198 4
199 2
200 5
201 5
202 4
203 2
204 1
205 3
206 4
207 4
208 5
209 5
210 1
211 5
212 4
213 1
214 1
215 3
216 3
217 4
218 5
219 2
220 4
221 2
222 2
223 1
224 2
225 1
226 4
227 4
228 2
229 4
230 1
231 5
232 3
233 4
234 5
235 3
236 4
237 2
238 5
239 4
240 4
241 5
242 2
243 1
244 1
245 4
246 4
247 4
248 2
249 2
250 1
251 5
252 2
253 3
254 1
255 1
256 2
257 2
258 1
259 4
260 4
261 4
262 2
263 3
264 2
265 1
266 5
267 2
268 3
269 2
270 5
271 2
272 3
273 1
274 3
275 3
276 5
277 3
278 4
279 3
280 5
281 4
282 4
283 5
284 3
285 5
286 5
287 5
288 5
289 2
290 5
291 1
292 2
293 3
294 4
295 4
296 3
297 5
298 4
299 5
300 1
301 4
302 3
303 1
304 2
305 4
306 5
307 5
308 3
309 2
310 1
311 3
312 3
313 3
314 2
315 3
316 1
317 1
318 3
319 2
320 3
321 5
322 3
323 3
324 2
325 4
326 4
327 1
328 1
329 5
330 1
331 1
332 3
333 5
334 5
335 1
336 4
337 2
338 3
339 2
340 5
341 3
342 5
343 2
344 5
345 1
346 1
347 3
348 4
349 5
350 1
351 4
352 3
353 1
354 5
355 5
356 3
357 1
358 5
359 2
360 2
361 1
362 2
363 2
364 3
365 5
366 5
367 1
368 5
369 1
370 4
371 2
372 1
373 4
374 1
375 1
376 4
377 1
378 5
379 4
380 3
381 3
382 3
383 2
384 1
385 3
386 3
387 2
388 2
389 1
390 2
391 3
392 5
393 2
394 5
395 4
396 2
397 1
398 1
399 2
400 5
401 4
402 1
403 2
404 2
405 4
406 5
407 2
408 2
409 3
410 4
411 5
412 4
413 1
414 3
415 5
416 1
417 5
418 5
419 3
420 3
421 2
422 2
423 3
424 1
425 2
426 3
427 2
428 1
429 5
430 2
431 1
432 4
433 3
434 3
435 3
436 1
437 4
438 2
439 1
440 3
441 5
442 1
443 4
444 4
445 2
446 1
447 2
448 4
449 3
450 4
451 3
452 2
453 3
454 5
455 3
456 2
457 4
458 3
459 5
460 4
461 1
462 2
463 2
464 5
465 4
466 2
467 1
468 4
469 1
470 3
471 2
472 1
473 3
474 5
475 5
476 2
477 5
478 3
479 2
480 5
481 2
482 2
483 5
484 2
485 1
486 5
487 3
488 1
489 3
490 4
491 5
492 1
493 4
494 2
495 1
496 5
497 3
498 5
499 2
500 1
501 1
502 3
503 1
504 1
505 3
506 4
507 2
508 4
509 3
510 3
511 3
512 4
513 4
514 3
515 1
516 3
517 2
518 1
519 3
520 1
521 4
522 2
523 2
524 2
525 2
526 3
527 4
528 2
529 1
530 4
531 3
532 2
533 1
534 2
535 5
536 3
537 4
538 3
539 5
540 3
541 3
542 1
543 5
544 1
545 4
546 1
547 2
548 4
549 3
550 1
551 5
552 2
553 3
554 1
555 3
556 2
557 5
558 4
559 5
560 4
561 5
562 3
563 5
564 1
565 5
566 1
567 4
568 5
569 2
570 2
571 2
572 4
573 3
574 1
575 2
576 4
577 3
578 1
579 4
580 2
581 3
582 1
583 4
584 5
585 5
586 2
587 2
588 4
589 1
590 4
591 3
592 1
593 3
594 4
595 4
596 2
597 1
598 1
599 1
600 1
601 5
602 1
603 3
604 4
605 1
606 2
607 2
608 1
609 1
610 2
611 5
612 4
613 4
614 3
615 5
616 3
617 3
618 5
619 2
620 1
621 1
622 4
623 1
624 1
625 5
626 1
627 5
628 3
629 1
630 5
631 4
632 5
633 2
634 3
635 3
636 1
637 2
638 5
639 3
640 4
641 1
642 1
643 1
644 2
645 2
646 4
647 3
648 5
649 5
650 3
651 4
652 4
653 5
654 4
655 1
656 5
657 4
658 4
659 2
660 1
661 3
662 4
663 3
664 3
665 5
666 5
667 2
668 2
669 2
670 3
671 1
672 3
673 4
674 4
675 5
676 5
677 2
678 2
679 5
680 1
681 5
682 5
683 3
684 1
685 5
686 2
687 1
688 1
689 5
690 5
691 2
692 1
693 1
694 4
695 4
696 1
697 1
698 2
699 5
700 2
701 5
702 2
703 4
704 3
705 4
706 1
707 2
708 3
709 1
710 2
711 1
712 1
713 3
714 4
715 4
716 4
717 5
718 4
719 2
720 1
721 3
722 5
723 3
724 3
725 5
726 4
727 5
728 1
729 1
730 5
731 3
732 2
733 3
734 5
735 5
736 2
737 4
738 2
739 3
740 3
741 2
742 5
743 4
744 1
745 2
746 3
747 2
748 3
749 5
750 3
751 5
752 5
753 2
754 2
755 5
756 1
757 2
758 2
759 1
760 5
761 2
762 4
763 4
764 5
765 4
766 5
767 1
768 4
769 3
770 3
771 1
772 2
773 4
774 2
775 3
776 3
777 1
778 3
779 4
780 5
781 1
782 5
783 5
784 1
785 3
786 4
787 3
788 5
789 5
790 2
791 1
792 3
793 2
794 3
795 3
796 4
797 2
798 3
799 2
800 4
801 3
802 4
803 1
804 1
805 5
806 2
807 3
808 4
809 3
810 4
811 1
812 5
813 2
814 2
815 5
816 3
817 4
818 2
819 2
820 5
821 2
822 3
823 3
824 3
825 2
826 3
827 1
828 2
829 3
830 2
831 3
832 3
833 4
834 2
835 2
836 2
837 2
838 3
839 5
840 1
841 4
842 5
843 3
844 2
845 3
846 1
847 5
848 1
849 4
850 5
851 1
852 3
853 4
854 1
855 1
856 5
857 3
858 2
859 4
860 1
861 4
862 1
863 2
864 2
865 3
866 3
867 2
868 1
869 5
870 3
871 5
872 2
873 2
874 1
875 2
876 3
877 1
878 3
879 3
880 5
881 3
882 3
883 1
884 2
885 3
886 4
887 3
888 5
889 3
890 5
891 5
892 1
893 2
894 5
895 5
896 1
897 3
898 3
899 5
900 5
901 3
902 2
903 5
904 3
905 3
906 1
907 5
908 1
909 2
910 2
911 4
912 2
913 4
914 4
915 4
916 2
917 1
918 2
919 5
920 3
921 3
922 5
923 4
924 4
925 3
926 5
927 2
928 2
929 1
930 1
931 1
932 1
933 2
934 3
935 1
936 1
937 1
938 4
939 5
940 1
941 1
942 3
943 1
944 5
945 3
946 1
947 2
948 3
949 5
950 5
951 2
952 5
953 4
954 3
955 4
956 3
957 5
958 1
959 4
960 2
961 1
962 1
963 1
964 4
965 5
966 1
967 4
968 2
969 3
970 4
971 4
972 5
973 5
974 3
975 2
976 4
977 1
978 2
979 5
980 1
981 5
982 5
983 3
984 2
985 4
986 4
987 5
988 3
989 3
990 3
991 1
992 1
993 2
994 3
995 5
996 4
997 1
998 4
999 2
1000 3
