3
5
1 2 6 10 3 4 7
2 9 6 5 1 3 9
3 1 5 8 6 1 9
100
1 4
2 5
3 3
4 2
5 3
6 4
7 3
8 2
9 5
10 5
11 1
12 5
13 4
14 4
15 3
16 1
17 2
18 2
19 4
20 2
21 1
22 5
23 1
24 2
25 3
26 1
27 5
28 2
29 1
30 3
31 1
32 3
33 1
34 5
35 5
36 5
37 3
38 4
39 5
40 4
41 5
42 2
43 3
44 1
45 3
46 4
47 4
48 1
49 1
50 3
51 1
52 4
53 4
54 3
55 4
56 2
57 1
58 2
59 3
60 1
61 4
62 1
63 2
64 3
65 1
66 1
67 1
68 2
69 4
70 3
71 4
72 1
73 2
74 3
75 4
76 1
77 3
78 5
79 2
80 4
81 3
82 2
83 4
84 1
85 5
86 3
87 4
88 1
89 4
90 4
91 3
92 4
93 5
94 2
95 3
96 1
97 3
98 3
99 1
100 5
