3
5
1 1 2 6 2 1 5
2 4 5 10 2 2 5
3 2 1 10 9 5 1
100
1 1
2 5
3 2
4 2
5 5
6 3
7 4
8 2
9 1
10 2
11 3
12 3
13 3
14 4
15 3
16 4
17 1
18 4
19 5
20 5
21 4
22 4
23 4
24 4
25 4
26 5
27 3
28 4
29 5
30 1
31 1
32 5
33 5
34 3
35 1
36 2
37 5
38 5
39 1
40 3
41 1
42 2
43 4
44 4
45 3
46 4
47 4
48 4
49 5
50 3
51 5
52 2
53 1
54 5
55 4
56 5
57 3
58 3
59 3
60 3
61 1
62 1
63 1
64 5
65 3
66 3
67 2
68 4
69 2
70 4
71 5
72 3
73 4
74 4
75 3
76 1
77 3
78 4
79 3
80 5
81 5
82 2
83 4
84 1
85 5
86 1
87 5
88 2
89 4
90 5
91 4
92 5
93 5
94 3
95 5
96 3
97 2
98 3
99 1
100 5
