3
5
1 7 3 4 7 8 1
2 3 6 6 5 8 1
3 4 4 8 1 4 2
500
1 2
2 2
3 3
4 2
5 4
6 5
7 5
8 2
9 3
10 2
11 3
12 3
13 5
14 4
15 4
16 2
17 4
18 5
19 5
20 4
21 1
22 3
23 1
24 2
25 5
26 1
27 3
28 3
29 5
30 3
31 2
32 1
33 2
34 5
35 4
36 3
37 3
38 4
39 2
40 1
41 4
42 1
43 3
44 2
45 5
46 4
47 4
48 5
49 5
50 2
51 3
52 3
53 3
54 4
55 3
56 1
57 3
58 4
59 3
60 3
61 1
62 5
63 2
64 2
65 3
66 3
67 4
68 4
69 2
70 2
71 2
72 1
73 1
74 5
75 5
76 1
77 4
78 2
79 4
80 5
81 4
82 2
83 4
84 5
85 4
86 2
87 5
88 4
89 5
90 3
91 2
92 1
93 5
94 2
95 1
96 3
97 1
98 3
99 2
100 4
101 1
102 4
103 3
104 2
105 5
106 2
107 2
108 1
109 2
110 5
111 1
112 3
113 3
114 3
115 1
116 1
117 5
118 3
119 2
120 1
121 1
122 3
123 3
124 2
125 2
126 2
127 5
128 5
129 1
130 5
131 3
132 3
133 5
134 3
135 4
136 3
137 3
138 4
139 2
140 4
141 5
142 1
143 2
144 2
145 5
146 4
147 2
148 3
149 5
150 3
151 4
152 5
153 2
154 4
155 4
156 4
157 5
158 3
159 2
160 3
161 3
162 2
163 1
164 4
165 3
166 1
167 5
168 2
169 3
170 5
171 2
172 4
173 2
174 2
175 3
176 2
177 2
178 1
179 3
180 1
181 5
182 1
183 4
184 5
185 4
186 5
187 1
188 4
189 4
190 4
191 5
192 4
193 3
194 2
195 5
196 4
197 1
198 1
199 4
200 1
201 4
202 5
203 5
204 4
205 3
206 3
207 5
208 4
209 1
210 4
211 2
212 3
213 2
214 5
215 3
216 5
217 3
218 1
219 5
220 4
221 1
222 3
223 1
224 3
225 2
226 2
227 2
228 2
229 4
230 3
231 5
232 2
233 5
234 5
235 2
236 1
237 4
238 5
239 4
240 1
241 2
242 1
243 5
244 3
245 5
246 5
247 5
248 3
249 1
250 2
251 3
252 1
253 2
254 3
255 1
256 5
257 4
258 3
259 4
260 5
261 2
262 5
263 4
264 3
265 4
266 4
267 5
268 3
269 3
270 3
271 5
272 4
273 1
274 4
275 1
276 1
277 1
278 1
279 2
280 3
281 1
282 2
283 3
284 1
285 5
286 3
287 4
288 5
289 2
290 1
291 2
292 2
293 3
294 3
295 5
296 5
297 2
298 4
299 2
300 2
301 1
302 2
303 1
304 4
305 5
306 1
307 4
308 2
309 4
310 4
311 5
312 4
313 3
314 2
315 1
316 4
317 5
318 1
319 4
320 5
321 3
322 2
323 5
324 2
325 1
326 4
327 1
328 3
329 1
330 4
331 3
332 4
333 2
334 5
335 4
336 5
337 4
338 4
339 3
340 3
341 5
342 5
343 4
344 3
345 4
346 4
347 4
348 5
349 3
350 4
351 2
352 3
353 3
354 5
355 1
356 1
357 5
358 5
359 2
360 3
361 4
362 4
363 1
364 2
365 1
366 3
367 5
368 1
369 5
370 5
371 1
372 4
373 2
374 2
375 5
376 4
377 1
378 4
379 3
380 4
381 4
382 5
383 2
384 3
385 3
386 1
387 5
388 3
389 2
390 1
391 1
392 5
393 4
394 2
395 2
396 1
397 2
398 1
399 2
400 4
401 4
402 4
403 3
404 5
405 3
406 5
407 2
408 3
409 3
410 2
411 1
412 3
413 3
414 5
415 2
416 2
417 3
418 2
419 2
420 5
421 5
422 5
423 3
424 1
425 3
426 4
427 3
428 1
429 3
430 4
431 3
432 2
433 5
434 2
435 3
436 5
437 5
438 4
439 3
440 4
441 5
442 1
443 5
444 3
445 2
446 5
447 5
448 5
449 4
450 5
451 5
452 4
453 2
454 4
455 1
456 2
457 1
458 5
459 5
460 2
461 1
462 2
463 3
464 5
465 1
466 1
467 3
468 1
469 2
470 1
471 3
472 3
473 2
474 3
475 5
476 2
477 2
478 5
479 5
480 1
481 1
482 2
483 5
484 1
485 2
486 3
487 4
488 4
489 4
490 1
491 1
492 1
493 1
494 3
495 5
496 3
497 1
498 4
499 4
500 5
