3
5
1 26 6 7 1 6 1
2 3 4 9 6 8 7
3 4 10 6 1 6 8
10000
1 3
2 1
3 4
4 3
5 1
6 1
7 5
8 3
9 2
10 1
11 1
12 2
13 1
14 3
15 3
16 2
17 1
18 2
19 2
20 5
21 1
22 5
23 3
24 5
25 3
26 1
27 5
28 4
29 4
30 2
31 4
32 1
33 5
34 1
35 4
36 2
37 1
38 5
39 4
40 1
41 1
42 2
43 4
44 4
45 2
46 1
47 5
48 5
49 1
50 5
51 4
52 4
53 2
54 5
55 2
56 4
57 5
58 2
59 2
60 2
61 2
62 3
63 5
64 1
65 5
66 1
67 5
68 1
69 5
70 1
71 2
72 3
73 1
74 1
75 5
76 2
77 1
78 3
79 2
80 3
81 3
82 5
83 3
84 5
85 3
86 5
87 5
88 2
89 2
90 2
91 4
92 1
93 2
94 4
95 5
96 1
97 5
98 2
99 4
100 3
101 4
102 2
103 5
104 1
105 3
106 3
107 4
108 1
109 3
110 5
111 5
112 3
113 3
114 3
115 2
116 2
117 4
118 1
119 3
120 3
121 5
122 4
123 5
124 3
125 5
126 4
127 4
128 2
129 3
130 3
131 2
132 5
133 5
134 1
135 1
136 4
137 1
138 3
139 5
140 4
141 1
142 2
143 2
144 2
145 5
146 5
147 4
148 2
149 4
150 3
151 5
152 5
153 3
154 2
155 1
156 2
157 3
158 2
159 4
160 5
161 2
162 5
163 5
164 1
165 1
166 3
167 2
168 3
169 1
170 3
171 5
172 1
173 1
174 4
175 3
176 5
177 1
178 4
179 4
180 3
181 5
182 4
183 5
184 2
185 5
186 3
187 3
188 1
189 3
190 2
191 5
192 1
193 5
194 4
195 4
196 3
197 4
198 2
199 1
200 2
201 5
202 2
203 4
204 1
205 2
206 4
207 4
208 5
209 1
210 1
211 2
212 2
213 5
214 3
215 1
216 3
217 5
218 4
219 1
220 5
221 4
222 3
223 4
224 4
225 4
226 3
227 3
228 1
229 2
230 1
231 5
232 1
233 5
234 1
235 3
236 3
237 2
238 3
239 2
240 4
241 3
242 2
243 5
244 2
245 2
246 3
247 1
248 4
249 1
250 5
251 3
252 2
253 2
254 3
255 1
256 2
257 5
258 2
259 2
260 1
261 5
262 2
263 1
264 4
265 2
266 1
267 5
268 3
269 2
270 1
271 3
272 2
273 3
274 1
275 1
276 5
277 2
278 4
279 4
280 2
281 3
282 2
283 3
284 2
285 4
286 1
287 5
288 3
289 4
290 2
291 1
292 1
293 3
294 4
295 3
296 5
297 5
298 5
299 2
300 4
301 4
302 1
303 5
304 2
305 1
306 3
307 5
308 3
309 4
310 1
311 3
312 1
313 3
314 5
315 1
316 3
317 3
318 1
319 5
320 1
321 3
322 1
323 1
324 1
325 2
326 2
327 4
328 5
329 3
330 3
331 2
332 1
333 5
334 2
335 3
336 4
337 4
338 4
339 5
340 5
341 3
342 3
343 5
344 3
345 2
346 3
347 5
348 5
349 4
350 5
351 4
352 3
353 4
354 2
355 5
356 3
357 4
358 5
359 3
360 4
361 1
362 1
363 5
364 4
365 4
366 4
367 1
368 4
369 5
370 3
371 5
372 5
373 2
374 5
375 3
376 2
377 5
378 5
379 5
380 3
381 3
382 2
383 3
384 4
385 2
386 3
387 3
388 5
389 3
390 2
391 5
392 3
393 5
394 4
395 5
396 1
397 1
398 2
399 3
400 4
401 2
402 2
403 4
404 3
405 5
406 2
407 4
408 4
409 4
410 4
411 4
412 2
413 3
414 5
415 2
416 2
417 2
418 4
419 3
420 3
421 5
422 4
423 4
424 1
425 1
426 1
427 5
428 3
429 2
430 5
431 4
432 1
433 5
434 1
435 5
436 4
437 5
438 4
439 2
440 4
441 2
442 3
443 5
444 5
445 3
446 5
447 5
448 1
449 5
450 2
451 4
452 1
453 5
454 1
455 4
456 4
457 4
458 3
459 1
460 1
461 2
462 1
463 5
464 4
465 3
466 5
467 5
468 1
469 4
470 1
471 2
472 1
473 1
474 1
475 1
476 5
477 4
478 5
479 2
480 4
481 4
482 5
483 4
484 2
485 2
486 3
487 1
488 2
489 3
490 2
491 5
492 4
493 3
494 1
495 2
496 5
497 3
498 1
499 1
500 1
501 4
502 1
503 3
504 1
505 4
506 1
507 4
508 2
509 2
510 5
511 2
512 3
513 2
514 1
515 3
516 3
517 5
518 3
519 1
520 3
521 5
522 4
523 1
524 3
525 3
526 4
527 5
528 1
529 4
530 2
531 4
532 1
533 2
534 3
535 2
536 4
537 4
538 5
539 4
540 2
541 2
542 2
543 3
544 1
545 2
546 5
547 5
548 2
549 5
550 5
551 3
552 2
553 2
554 5
555 1
556 2
557 2
558 3
559 5
560 5
561 1
562 3
563 4
564 2
565 2
566 1
567 1
568 1
569 5
570 3
571 2
572 1
573 1
574 3
575 2
576 5
577 1
578 1
579 2
580 1
581 3
582 5
583 1
584 3
585 3
586 2
587 2
588 3
589 3
590 3
591 1
592 4
593 3
594 3
595 5
596 4
597 5
598 2
599 3
600 1
601 2
602 4
603 5
604 3
605 4
606 1
607 3
608 5
609 1
610 5
611 5
612 3
613 2
614 5
615 5
616 1
617 3
618 5
619 1
620 2
621 5
622 2
623 1
624 1
625 5
626 3
627 2
628 1
629 4
630 1
631 2
632 4
633 2
634 3
635 2
636 4
637 3
638 3
639 2
640 2
641 4
642 3
643 1
644 1
645 2
646 3
647 2
648 3
649 2
650 4
651 4
652 2
653 5
654 1
655 1
656 4
657 1
658 4
659 3
660 1
661 4
662 1
663 1
664 4
665 3
666 4
667 4
668 4
669 4
670 2
671 5
672 1
673 4
674 3
675 4
676 5
677 1
678 5
679 1
680 2
681 4
682 5
683 1
684 4
685 3
686 5
687 3
688 4
689 4
690 5
691 1
692 1
693 5
694 3
695 2
696 3
697 4
698 5
699 1
700 2
701 5
702 2
703 4
704 2
705 2
706 2
707 3
708 2
709 5
710 1
711 5
712 2
713 1
714 2
715 2
716 3
717 4
718 2
719 3
720 3
721 1
722 1
723 3
724 3
725 3
726 5
727 1
728 4
729 5
730 1
731 3
732 1
733 5
734 4
735 3
736 1
737 2
738 5
739 2
740 1
741 3
742 4
743 3
744 1
745 1
746 2
747 4
748 5
749 2
750 3
751 3
752 4
753 5
754 4
755 3
756 3
757 4
758 2
759 2
760 2
761 4
762 5
763 5
764 4
765 3
766 3
767 4
768 4
769 2
770 3
771 2
772 3
773 1
774 4
775 4
776 4
777 4
778 2
779 1
780 2
781 2
782 3
783 1
784 3
785 4
786 2
787 4
788 4
789 1
790 4
791 3
792 5
793 1
794 1
795 2
796 3
797 3
798 4
799 5
800 2
801 4
802 3
803 1
804 3
805 1
806 2
807 2
808 3
809 2
810 2
811 3
812 2
813 1
814 1
815 5
816 1
817 4
818 4
819 5
820 3
821 3
822 1
823 3
824 4
825 4
826 4
827 2
828 3
829 4
830 4
831 1
832 4
833 5
834 3
835 2
836 1
837 5
838 3
839 2
840 3
841 4
842 4
843 5
844 2
845 2
846 3
847 5
848 1
849 2
850 2
851 3
852 1
853 2
854 3
855 5
856 2
857 1
858 3
859 4
860 4
861 2
862 3
863 4
864 2
865 1
866 2
867 5
868 4
869 1
870 5
871 1
872 2
873 3
874 2
875 1
876 1
877 5
878 3
879 4
880 4
881 2
882 1
883 2
884 3
885 2
886 2
887 2
888 4
889 2
890 1
891 3
892 4
893 1
894 4
895 5
896 4
897 1
898 1
899 2
900 1
901 3
902 4
903 1
904 3
905 4
906 1
907 3
908 3
909 2
910 5
911 4
912 5
913 1
914 3
915 3
916 1
917 4
918 5
919 2
920 4
921 3
922 2
923 5
924 4
925 3
926 1
927 1
928 5
929 2
930 1
931 1
932 5
933 4
934 1
935 3
936 4
937 4
938 5
939 3
940 1
941 3
942 2
943 5
944 2
945 1
946 1
947 2
948 1
949 3
950 2
951 4
952 2
953 2
954 3
955 1
956 5
957 2
958 4
959 5
960 1
961 3
962 2
963 5
964 1
965 5
966 3
967 1
968 4
969 3
970 1
971 1
972 2
973 2
974 1
975 1
976 3
977 2
978 1
979 2
980 3
981 2
982 1
983 5
984 4
985 3
986 5
987 3
988 2
989 1
990 2
991 2
992 2
993 2
994 1
995 1
996 1
997 2
998 1
999 1
1000 1
1001 4
1002 1
1003 3
1004 2
1005 1
1006 5
1007 1
1008 2
1009 5
1010 4
1011 2
1012 3
1013 2
1014 5
1015 1
1016 2
1017 3
1018 4
1019 4
1020 4
1021 4
1022 3
1023 4
1024 3
1025 3
1026 3
1027 1
1028 1
1029 2
1030 4
1031 3
1032 5
1033 2
1034 1
1035 3
1036 3
1037 3
1038 4
1039 4
1040 5
1041 5
1042 2
1043 1
1044 3
1045 4
1046 3
1047 1
1048 3
1049 1
1050 4
1051 5
1052 4
1053 2
1054 1
1055 1
1056 1
1057 4
1058 5
1059 1
1060 2
1061 4
1062 3
1063 1
1064 4
1065 1
1066 2
1067 5
1068 3
1069 1
1070 5
1071 1
1072 5
1073 1
1074 4
1075 3
1076 5
1077 2
1078 5
1079 2
1080 2
1081 5
1082 3
1083 1
1084 5
1085 1
1086 1
1087 5
1088 1
1089 5
1090 5
1091 2
1092 2
1093 3
1094 5
1095 4
1096 3
1097 3
1098 4
1099 1
1100 2
1101 4
1102 3
1103 4
1104 1
1105 1
1106 5
1107 3
1108 3
1109 5
1110 3
1111 3
1112 2
1113 5
1114 3
1115 2
1116 3
1117 3
1118 4
1119 5
1120 2
1121 1
1122 4
1123 2
1124 4
1125 2
1126 1
1127 5
1128 2
1129 2
1130 4
1131 4
1132 4
1133 3
1134 3
1135 3
1136 2
1137 3
1138 5
1139 2
1140 5
1141 1
1142 2
1143 2
1144 1
1145 3
1146 3
1147 2
1148 5
1149 5
1150 3
1151 3
1152 4
1153 2
1154 1
1155 3
1156 4
1157 2
1158 5
1159 5
1160 3
1161 2
1162 1
1163 1
1164 4
1165 5
1166 2
1167 5
1168 1
1169 3
1170 2
1171 2
1172 5
1173 2
1174 3
1175 1
1176 1
1177 3
1178 5
1179 5
1180 2
1181 3
1182 3
1183 5
1184 2
1185 1
1186 4
1187 4
1188 2
1189 2
1190 4
1191 4
1192 4
1193 2
1194 5
1195 5
1196 3
1197 5
1198 1
1199 2
1200 1
1201 1
1202 1
1203 3
1204 1
1205 5
1206 1
1207 3
1208 5
1209 3
1210 2
1211 4
1212 1
1213 2
1214 1
1215 5
1216 4
1217 4
1218 2
1219 1
1220 2
1221 5
1222 2
1223 4
1224 3
1225 2
1226 1
1227 1
1228 3
1229 4
1230 3
1231 5
1232 1
1233 2
1234 2
1235 5
1236 4
1237 5
1238 5
1239 2
1240 4
1241 3
1242 2
1243 1
1244 1
1245 3
1246 5
1247 5
1248 2
1249 3
1250 4
1251 5
1252 3
1253 2
1254 1
1255 1
1256 3
1257 5
1258 2
1259 4
1260 3
1261 3
1262 4
1263 5
1264 2
1265 4
1266 5
1267 5
1268 3
1269 3
1270 4
1271 4
1272 4
1273 5
1274 2
1275 3
1276 1
1277 2
1278 3
1279 1
1280 3
1281 2
1282 5
1283 4
1284 3
1285 5
1286 3
1287 5
1288 3
1289 4
1290 3
1291 1
1292 3
1293 1
1294 3
1295 1
1296 2
1297 3
1298 4
1299 1
1300 1
1301 1
1302 5
1303 5
1304 3
1305 3
1306 1
1307 3
1308 1
1309 5
1310 2
1311 3
1312 2
1313 3
1314 5
1315 4
1316 4
1317 1
1318 1
1319 5
1320 2
1321 4
1322 3
1323 2
1324 2
1325 4
1326 4
1327 5
1328 5
1329 4
1330 2
1331 1
1332 1
1333 5
1334 1
1335 1
1336 5
1337 1
1338 1
1339 4
1340 4
1341 4
1342 1
1343 5
1344 2
1345 1
1346 2
1347 2
1348 1
1349 5
1350 4
1351 5
1352 3
1353 2
1354 4
1355 5
1356 1
1357 2
1358 5
1359 5
1360 2
1361 2
1362 2
1363 4
1364 3
1365 4
1366 2
1367 3
1368 4
1369 1
1370 5
1371 5
1372 5
1373 1
1374 3
1375 1
1376 4
1377 1
1378 1
1379 4
1380 2
1381 2
1382 1
1383 5
1384 5
1385 5
1386 2
1387 3
1388 3
1389 5
1390 2
1391 4
1392 1
1393 4
1394 2
1395 4
1396 1
1397 3
1398 5
1399 2
1400 2
1401 2
1402 1
1403 3
1404 5
1405 1
1406 4
1407 1
1408 2
1409 2
1410 2
1411 3
1412 1
1413 4
1414 1
1415 4
1416 3
1417 5
1418 4
1419 3
1420 5
1421 2
1422 2
1423 2
1424 3
1425 5
1426 1
1427 4
1428 4
1429 2
1430 4
1431 3
1432 5
1433 2
1434 5
1435 1
1436 3
1437 2
1438 1
1439 4
1440 3
1441 1
1442 1
1443 1
1444 3
1445 2
1446 2
1447 2
1448 5
1449 1
1450 3
1451 5
1452 3
1453 2
1454 1
1455 5
1456 4
1457 1
1458 4
1459 3
1460 3
1461 5
1462 2
1463 4
1464 1
1465 2
1466 4
1467 3
1468 1
1469 4
1470 3
1471 1
1472 5
1473 1
1474 3
1475 1
1476 1
1477 3
1478 1
1479 2
1480 3
1481 1
1482 2
1483 1
1484 3
1485 3
1486 5
1487 5
1488 1
1489 1
1490 3
1491 4
1492 4
1493 1
1494 4
1495 4
1496 3
1497 5
1498 5
1499 4
1500 2
1501 3
1502 2
1503 4
1504 3
1505 2
1506 1
1507 4
1508 5
1509 2
1510 5
1511 3
1512 2
1513 4
1514 3
1515 5
1516 5
1517 2
1518 1
1519 2
1520 3
1521 5
1522 3
1523 1
1524 4
1525 5
1526 1
1527 4
1528 5
1529 1
1530 2
1531 5
1532 3
1533 4
1534 4
1535 1
1536 3
1537 3
1538 1
1539 4
1540 5
1541 3
1542 1
1543 5
1544 3
1545 4
1546 2
1547 1
1548 1
1549 4
1550 4
1551 4
1552 1
1553 5
1554 3
1555 4
1556 1
1557 2
1558 4
1559 3
1560 5
1561 2
1562 3
1563 3
1564 5
1565 5
1566 2
1567 5
1568 1
1569 1
1570 3
1571 3
1572 4
1573 3
1574 1
1575 1
1576 1
1577 4
1578 2
1579 1
1580 4
1581 2
1582 5
1583 4
1584 2
1585 3
1586 5
1587 2
1588 3
1589 4
1590 1
1591 1
1592 1
1593 3
1594 2
1595 1
1596 2
1597 1
1598 2
1599 3
1600 2
1601 2
1602 2
1603 3
1604 1
1605 3
1606 3
1607 5
1608 4
1609 1
1610 4
1611 1
1612 1
1613 1
1614 5
1615 1
1616 1
1617 2
1618 2
1619 3
1620 1
1621 5
1622 3
1623 3
1624 1
1625 2
1626 2
1627 4
1628 5
1629 3
1630 1
1631 2
1632 4
1633 4
1634 4
1635 2
1636 1
1637 5
1638 5
1639 4
1640 5
1641 1
1642 4
1643 4
1644 1
1645 4
1646 5
1647 3
1648 2
1649 5
1650 3
1651 5
1652 1
1653 5
1654 4
1655 5
1656 2
1657 5
1658 1
1659 2
1660 1
1661 1
1662 4
1663 2
1664 3
1665 1
1666 1
1667 5
1668 2
1669 4
1670 3
1671 2
1672 3
1673 3
1674 5
1675 3
1676 1
1677 4
1678 3
1679 2
1680 3
1681 5
1682 3
1683 2
1684 4
1685 3
1686 3
1687 4
1688 1
1689 5
1690 1
1691 3
1692 3
1693 5
1694 3
1695 2
1696 2
1697 5
1698 4
1699 2
1700 5
1701 4
1702 3
1703 5
1704 3
1705 5
1706 3
1707 3
1708 2
1709 1
1710 1
1711 5
1712 4
1713 5
1714 2
1715 5
1716 1
1717 4
1718 2
1719 2
1720 4
1721 3
1722 2
1723 4
1724 2
1725 5
1726 2
1727 2
1728 2
1729 2
1730 4
1731 2
1732 1
1733 4
1734 5
1735 5
1736 1
1737 1
1738 4
1739 3
1740 5
1741 3
1742 3
1743 4
1744 4
1745 5
1746 2
1747 2
1748 3
1749 5
1750 1
1751 3
1752 1
1753 3
1754 4
1755 1
1756 3
1757 5
1758 5
1759 4
1760 4
1761 3
1762 1
1763 3
1764 1
1765 1
1766 2
1767 2
1768 1
1769 5
1770 1
1771 1
1772 5
1773 1
1774 5
1775 2
1776 4
1777 5
1778 5
1779 5
1780 1
1781 1
1782 5
1783 1
1784 5
1785 4
1786 3
1787 4
1788 1
1789 1
1790 4
1791 1
1792 1
1793 1
1794 4
1795 4
1796 5
1797 3
1798 2
1799 4
1800 4
1801 5
1802 2
1803 4
1804 1
1805 5
1806 1
1807 3
1808 4
1809 5
1810 2
1811 4
1812 4
1813 5
1814 3
1815 3
1816 3
1817 4
1818 3
1819 1
1820 2
1821 3
1822 1
1823 3
1824 3
1825 1
1826 5
1827 4
1828 5
1829 2
1830 2
1831 3
1832 1
1833 5
1834 5
1835 5
1836 5
1837 1
1838 3
1839 4
1840 5
1841 2
1842 1
1843 2
1844 5
1845 4
1846 4
1847 1
1848 2
1849 3
1850 4
1851 1
1852 3
1853 5
1854 5
1855 5
1856 2
1857 4
1858 2
1859 4
1860 5
1861 5
1862 4
1863 5
1864 5
1865 5
1866 5
1867 1
1868 4
1869 3
1870 4
1871 1
1872 3
1873 1
1874 3
1875 3
1876 1
1877 4
1878 3
1879 2
1880 4
1881 1
1882 3
1883 5
1884 3
1885 2
1886 2
1887 3
1888 5
1889 5
1890 1
1891 1
1892 2
1893 2
1894 4
1895 3
1896 4
1897 3
1898 3
1899 1
1900 2
1901 2
1902 2
1903 1
1904 2
1905 5
1906 4
1907 5
1908 5
1909 5
1910 2
1911 3
1912 2
1913 5
1914 5
1915 1
1916 4
1917 5
1918 2
1919 4
1920 1
1921 5
1922 5
1923 3
1924 1
1925 4
1926 1
1927 3
1928 5
1929 5
1930 3
1931 4
1932 3
1933 3
1934 1
1935 3
1936 3
1937 3
1938 1
1939 4
1940 3
1941 4
1942 2
1943 4
1944 2
1945 3
1946 2
1947 1
1948 1
1949 3
1950 2
1951 1
1952 4
1953 4
1954 5
1955 5
1956 3
1957 2
1958 2
1959 5
1960 4
1961 4
1962 1
1963 4
1964 4
1965 3
1966 4
1967 2
1968 3
1969 5
1970 3
1971 1
1972 2
1973 3
1974 2
1975 3
1976 4
1977 3
1978 4
1979 1
1980 4
1981 2
1982 2
1983 2
1984 3
1985 1
1986 4
1987 4
1988 2
1989 4
1990 1
1991 2
1992 5
1993 4
1994 3
1995 4
1996 5
1997 3
1998 4
1999 5
2000 3
2001 4
2002 5
2003 4
2004 4
2005 4
2006 2
2007 3
2008 5
2009 1
2010 5
2011 3
2012 3
2013 3
2014 5
2015 5
2016 5
2017 4
2018 1
2019 3
2020 3
2021 1
2022 4
2023 4
2024 1
2025 3
2026 5
2027 1
2028 5
2029 2
2030 5
2031 5
2032 3
2033 2
2034 1
2035 1
2036 4
2037 1
2038 2
2039 1
2040 5
2041 2
2042 3
2043 3
2044 4
2045 4
2046 1
2047 1
2048 5
2049 1
2050 2
2051 5
2052 3
2053 1
2054 5
2055 2
2056 3
2057 3
2058 2
2059 3
2060 2
2061 4
2062 4
2063 4
2064 5
2065 3
2066 3
2067 5
2068 5
2069 2
2070 5
2071 4
2072 5
2073 3
2074 4
2075 4
2076 3
2077 2
2078 5
2079 3
2080 4
2081 2
2082 4
2083 5
2084 5
2085 2
2086 4
2087 2
2088 5
2089 1
2090 5
2091 5
2092 1
2093 4
2094 3
2095 2
2096 5
2097 1
2098 1
2099 4
2100 1
2101 5
2102 2
2103 1
2104 1
2105 1
2106 5
2107 3
2108 2
2109 1
2110 5
2111 1
2112 4
2113 1
2114 2
2115 5
2116 5
2117 4
2118 4
2119 5
2120 2
2121 5
2122 3
2123 5
2124 3
2125 5
2126 1
2127 2
2128 3
2129 5
2130 2
2131 1
2132 1
2133 2
2134 2
2135 5
2136 5
2137 4
2138 5
2139 4
2140 4
2141 5
2142 2
2143 5
2144 2
2145 3
2146 4
2147 4
2148 2
2149 4
2150 5
2151 5
2152 4
2153 1
2154 4
2155 5
2156 5
2157 1
2158 3
2159 4
2160 5
2161 3
2162 3
2163 4
2164 5
2165 3
2166 3
2167 5
2168 3
2169 4
2170 5
2171 2
2172 4
2173 2
2174 5
2175 2
2176 2
2177 1
2178 5
2179 2
2180 1
2181 4
2182 5
2183 5
2184 3
2185 5
2186 2
2187 3
2188 5
2189 2
2190 2
2191 2
2192 5
2193 5
2194 2
2195 4
2196 2
2197 4
2198 3
2199 1
2200 5
2201 2
2202 3
2203 4
2204 1
2205 5
2206 3
2207 4
2208 4
2209 4
2210 5
2211 3
2212 4
2213 4
2214 3
2215 4
2216 3
2217 4
2218 5
2219 1
2220 4
2221 4
2222 3
2223 3
2224 3
2225 5
2226 2
2227 4
2228 1
2229 1
2230 2
2231 5
2232 3
2233 2
2234 5
2235 1
2236 1
2237 4
2238 4
2239 3
2240 4
2241 4
2242 2
2243 5
2244 3
2245 1
2246 1
2247 2
2248 1
2249 1
2250 3
2251 1
2252 4
2253 4
2254 1
2255 2
2256 5
2257 4
2258 2
2259 1
2260 2
2261 4
2262 3
2263 1
2264 2
2265 1
2266 1
2267 2
2268 2
2269 3
2270 5
2271 2
2272 4
2273 1
2274 3
2275 4
2276 4
2277 2
2278 3
2279 2
2280 4
2281 2
2282 4
2283 5
2284 2
2285 5
2286 3
2287 2
2288 1
2289 3
2290 2
2291 4
2292 2
2293 1
2294 1
2295 5
2296 1
2297 4
2298 1
2299 3
2300 1
2301 1
2302 4
2303 5
2304 4
2305 4
2306 3
2307 4
2308 2
2309 4
2310 4
2311 5
2312 1
2313 3
2314 2
2315 1
2316 2
2317 1
2318 1
2319 2
2320 1
2321 2
2322 2
2323 2
2324 4
2325 3
2326 5
2327 1
2328 2
2329 1
2330 2
2331 5
2332 1
2333 2
2334 5
2335 3
2336 4
2337 2
2338 4
2339 5
2340 1
2341 4
2342 4
2343 4
2344 1
2345 1
2346 1
2347 4
2348 1
2349 3
2350 1
2351 2
2352 3
2353 3
2354 2
2355 2
2356 3
2357 1
2358 3
2359 2
2360 4
2361 4
2362 1
2363 2
2364 5
2365 2
2366 4
2367 5
2368 1
2369 4
2370 1
2371 3
2372 2
2373 1
2374 2
2375 3
2376 4
2377 4
2378 4
2379 4
2380 1
2381 4
2382 5
2383 2
2384 5
2385 4
2386 1
2387 5
2388 2
2389 4
2390 2
2391 2
2392 3
2393 1
2394 4
2395 5
2396 5
2397 2
2398 3
2399 4
2400 4
2401 2
2402 4
2403 2
2404 3
2405 5
2406 1
2407 1
2408 3
2409 5
2410 4
2411 3
2412 1
2413 1
2414 4
2415 3
2416 2
2417 2
2418 5
2419 1
2420 3
2421 1
2422 1
2423 1
2424 4
2425 3
2426 3
2427 5
2428 1
2429 3
2430 3
2431 3
2432 3
2433 3
2434 5
2435 5
2436 3
2437 3
2438 1
2439 1
2440 3
2441 4
2442 2
2443 2
2444 2
2445 1
2446 3
2447 3
2448 3
2449 1
2450 3
2451 1
2452 3
2453 2
2454 2
2455 3
2456 1
2457 1
2458 1
2459 5
2460 1
2461 5
2462 3
2463 1
2464 3
2465 4
2466 3
2467 1
2468 1
2469 5
2470 2
2471 3
2472 4
2473 1
2474 2
2475 5
2476 5
2477 5
2478 5
2479 1
2480 5
2481 5
2482 3
2483 4
2484 3
2485 1
2486 2
2487 1
2488 3
2489 1
2490 5
2491 2
2492 4
2493 3
2494 4
2495 2
2496 3
2497 3
2498 4
2499 2
2500 3
2501 3
2502 2
2503 2
2504 1
2505 3
2506 4
2507 3
2508 1
2509 1
2510 4
2511 5
2512 3
2513 4
2514 3
2515 3
2516 2
2517 1
2518 4
2519 1
2520 2
2521 5
2522 1
2523 3
2524 5
2525 2
2526 1
2527 2
2528 1
2529 1
2530 2
2531 3
2532 4
2533 3
2534 2
2535 3
2536 2
2537 1
2538 3
2539 3
2540 1
2541 5
2542 4
2543 1
2544 5
2545 4
2546 2
2547 4
2548 4
2549 2
2550 4
2551 4
2552 1
2553 1
2554 4
2555 3
2556 4
2557 2
2558 1
2559 2
2560 2
2561 4
2562 5
2563 1
2564 4
2565 2
2566 2
2567 5
2568 4
2569 3
2570 1
2571 4
2572 3
2573 1
2574 3
2575 2
2576 5
2577 2
2578 2
2579 5
2580 1
2581 5
2582 2
2583 4
2584 1
2585 1
2586 5
2587 4
2588 2
2589 5
2590 2
2591 4
2592 1
2593 1
2594 2
2595 5
2596 1
2597 2
2598 5
2599 1
2600 1
2601 1
2602 4
2603 4
2604 4
2605 1
2606 5
2607 4
2608 3
2609 2
2610 3
2611 1
2612 5
2613 2
2614 1
2615 2
2616 2
2617 2
2618 3
2619 3
2620 3
2621 3
2622 5
2623 3
2624 4
2625 4
2626 1
2627 5
2628 1
2629 4
2630 1
2631 3
2632 4
2633 3
2634 5
2635 3
2636 2
2637 1
2638 2
2639 2
2640 5
2641 4
2642 3
2643 3
2644 2
2645 5
2646 4
2647 4
2648 3
2649 1
2650 3
2651 1
2652 2
2653 1
2654 4
2655 5
2656 4
2657 5
2658 5
2659 4
2660 1
2661 4
2662 5
2663 2
2664 5
2665 5
2666 5
2667 2
2668 3
2669 5
2670 5
2671 2
2672 1
2673 4
2674 3
2675 5
2676 1
2677 5
2678 2
2679 1
2680 1
2681 5
2682 2
2683 2
2684 1
2685 2
2686 1
2687 3
2688 5
2689 4
2690 4
2691 1
2692 5
2693 5
2694 2
2695 4
2696 1
2697 4
2698 1
2699 4
2700 5
2701 4
2702 4
2703 4
2704 3
2705 2
2706 2
2707 1
2708 4
2709 1
2710 4
2711 5
2712 1
2713 5
2714 3
2715 2
2716 4
2717 4
2718 2
2719 1
2720 5
2721 4
2722 2
2723 4
2724 2
2725 2
2726 3
2727 2
2728 5
2729 4
2730 1
2731 1
2732 1
2733 3
2734 1
2735 3
2736 3
2737 3
2738 5
2739 1
2740 5
2741 1
2742 5
2743 2
2744 4
2745 5
2746 1
2747 5
2748 4
2749 4
2750 5
2751 5
2752 4
2753 5
2754 5
2755 3
2756 5
2757 1
2758 3
2759 4
2760 3
2761 1
2762 2
2763 4
2764 4
2765 1
2766 4
2767 4
2768 5
2769 4
2770 3
2771 4
2772 2
2773 3
2774 2
2775 1
2776 3
2777 1
2778 4
2779 4
2780 1
2781 5
2782 5
2783 4
2784 5
2785 3
2786 1
2787 1
2788 2
2789 3
2790 4
2791 2
2792 1
2793 1
2794 3
2795 3
2796 3
2797 4
2798 1
2799 5
2800 5
2801 4
2802 1
2803 1
2804 5
2805 2
2806 2
2807 4
2808 3
2809 2
2810 3
2811 4
2812 1
2813 2
2814 3
2815 1
2816 4
2817 5
2818 3
2819 3
2820 5
2821 3
2822 5
2823 4
2824 1
2825 2
2826 4
2827 1
2828 3
2829 1
2830 5
2831 3
2832 1
2833 5
2834 5
2835 3
2836 5
2837 5
2838 1
2839 4
2840 3
2841 1
2842 3
2843 4
2844 1
2845 3
2846 3
2847 4
2848 3
2849 5
2850 3
2851 3
2852 2
2853 2
2854 5
2855 1
2856 3
2857 4
2858 4
2859 5
2860 1
2861 3
2862 3
2863 1
2864 1
2865 5
2866 3
2867 3
2868 4
2869 2
2870 2
2871 1
2872 3
2873 2
2874 3
2875 1
2876 5
2877 1
2878 4
2879 4
2880 1
2881 2
2882 4
2883 2
2884 1
2885 3
2886 2
2887 3
2888 5
2889 3
2890 4
2891 2
2892 2
2893 4
2894 3
2895 5
2896 5
2897 5
2898 4
2899 4
2900 1
2901 5
2902 1
2903 5
2904 3
2905 5
2906 5
2907 4
2908 3
2909 4
2910 4
2911 3
2912 3
2913 5
2914 3
2915 3
2916 4
2917 5
2918 1
2919 2
2920 4
2921 2
2922 1
2923 1
2924 3
2925 1
2926 1
2927 4
2928 5
2929 3
2930 5
2931 3
2932 2
2933 2
2934 1
2935 4
2936 1
2937 5
2938 1
2939 5
2940 5
2941 3
2942 5
2943 5
2944 3
2945 3
2946 4
2947 3
2948 4
2949 4
2950 2
2951 3
2952 5
2953 1
2954 3
2955 4
2956 4
2957 1
2958 2
2959 1
2960 1
2961 4
2962 2
2963 3
2964 4
2965 2
2966 2
2967 4
2968 5
2969 2
2970 3
2971 5
2972 2
2973 1
2974 4
2975 1
2976 4
2977 3
2978 3
2979 2
2980 2
2981 5
2982 1
2983 5
2984 2
2985 2
2986 2
2987 5
2988 3
2989 2
2990 4
2991 4
2992 3
2993 5
2994 1
2995 4
2996 2
2997 5
2998 4
2999 5
3000 5
3001 3
3002 1
3003 3
3004 3
3005 2
3006 1
3007 4
3008 5
3009 3
3010 1
3011 4
3012 2
3013 1
3014 5
3015 3
3016 4
3017 4
3018 5
3019 4
3020 5
3021 4
3022 5
3023 1
3024 4
3025 4
3026 4
3027 1
3028 1
3029 1
3030 3
3031 2
3032 4
3033 2
3034 1
3035 3
3036 2
3037 5
3038 2
3039 2
3040 5
3041 1
3042 3
3043 3
3044 2
3045 1
3046 1
3047 1
3048 4
3049 4
3050 3
3051 5
3052 5
3053 3
3054 4
3055 3
3056 3
3057 1
3058 1
3059 5
3060 2
3061 5
3062 3
3063 3
3064 2
3065 1
3066 4
3067 5
3068 1
3069 3
3070 1
3071 3
3072 1
3073 5
3074 5
3075 2
3076 3
3077 2
3078 5
3079 4
3080 4
3081 4
3082 4
3083 1
3084 2
3085 2
3086 3
3087 1
3088 2
3089 4
3090 3
3091 1
3092 2
3093 5
3094 5
3095 5
3096 5
3097 4
3098 5
3099 3
3100 1
3101 4
3102 1
3103 1
3104 2
3105 1
3106 4
3107 5
3108 2
3109 3
3110 1
3111 1
3112 5
3113 5
3114 1
3115 2
3116 5
3117 2
3118 3
3119 1
3120 5
3121 4
3122 2
3123 2
3124 1
3125 4
3126 1
3127 2
3128 5
3129 5
3130 3
3131 1
3132 5
3133 3
3134 3
3135 4
3136 2
3137 1
3138 1
3139 3
3140 2
3141 3
3142 4
3143 5
3144 5
3145 3
3146 5
3147 4
3148 3
3149 4
3150 5
3151 2
3152 2
3153 3
3154 5
3155 3
3156 4
3157 4
3158 4
3159 5
3160 4
3161 3
3162 2
3163 2
3164 5
3165 3
3166 2
3167 4
3168 1
3169 2
3170 3
3171 3
3172 5
3173 4
3174 1
3175 4
3176 4
3177 2
3178 3
3179 2
3180 2
3181 1
3182 3
3183 4
3184 4
3185 5
3186 3
3187 2
3188 3
3189 1
3190 3
3191 5
3192 4
3193 1
3194 5
3195 5
3196 1
3197 3
3198 5
3199 3
3200 5
3201 2
3202 2
3203 3
3204 1
3205 5
3206 5
3207 4
3208 4
3209 2
3210 4
3211 1
3212 5
3213 4
3214 2
3215 3
3216 4
3217 4
3218 4
3219 1
3220 2
3221 5
3222 5
3223 2
3224 4
3225 5
3226 3
3227 4
3228 4
3229 1
3230 5
3231 4
3232 1
3233 3
3234 2
3235 3
3236 5
3237 2
3238 5
3239 3
3240 1
3241 2
3242 2
3243 2
3244 5
3245 3
3246 2
3247 1
3248 5
3249 2
3250 3
3251 3
3252 1
3253 3
3254 5
3255 4
3256 3
3257 3
3258 4
3259 4
3260 5
3261 5
3262 1
3263 3
3264 2
3265 1
3266 1
3267 3
3268 2
3269 3
3270 3
3271 5
3272 2
3273 2
3274 1
3275 4
3276 5
3277 1
3278 3
3279 4
3280 3
3281 2
3282 2
3283 5
3284 3
3285 4
3286 3
3287 5
3288 2
3289 1
3290 3
3291 5
3292 2
3293 3
3294 2
3295 3
3296 3
3297 2
3298 5
3299 2
3300 5
3301 1
3302 3
3303 1
3304 2
3305 1
3306 5
3307 3
3308 2
3309 2
3310 1
3311 4
3312 1
3313 3
3314 1
3315 5
3316 2
3317 1
3318 3
3319 4
3320 1
3321 1
3322 4
3323 4
3324 1
3325 3
3326 4
3327 4
3328 4
3329 5
3330 3
3331 2
3332 3
3333 5
3334 4
3335 5
3336 4
3337 1
3338 3
3339 2
3340 3
3341 1
3342 2
3343 1
3344 1
3345 2
3346 2
3347 1
3348 2
3349 4
3350 3
3351 1
3352 2
3353 1
3354 4
3355 5
3356 5
3357 1
3358 1
3359 5
3360 4
3361 1
3362 5
3363 5
3364 4
3365 5
3366 5
3367 3
3368 4
3369 2
3370 5
3371 4
3372 5
3373 2
3374 3
3375 1
3376 1
3377 2
3378 2
3379 3
3380 3
3381 4
3382 5
3383 5
3384 5
3385 1
3386 3
3387 1
3388 5
3389 1
3390 5
3391 5
3392 3
3393 4
3394 3
3395 5
3396 4
3397 3
3398 3
3399 2
3400 3
3401 2
3402 3
3403 3
3404 1
3405 4
3406 3
3407 2
3408 4
3409 4
3410 3
3411 4
3412 2
3413 3
3414 1
3415 1
3416 5
3417 1
3418 3
3419 1
3420 5
3421 4
3422 4
3423 4
3424 3
3425 2
3426 3
3427 1
3428 3
3429 1
3430 4
3431 2
3432 5
3433 5
3434 1
3435 5
3436 5
3437 5
3438 1
3439 1
3440 1
3441 4
3442 5
3443 5
3444 5
3445 2
3446 3
3447 5
3448 4
3449 3
3450 4
3451 2
3452 5
3453 1
3454 3
3455 5
3456 4
3457 1
3458 3
3459 1
3460 4
3461 4
3462 5
3463 3
3464 4
3465 1
3466 3
3467 2
3468 4
3469 3
3470 3
3471 3
3472 5
3473 3
3474 3
3475 2
3476 3
3477 3
3478 4
3479 1
3480 1
3481 4
3482 4
3483 4
3484 5
3485 1
3486 5
3487 4
3488 4
3489 2
3490 1
3491 4
3492 4
3493 1
3494 1
3495 1
3496 4
3497 2
3498 3
3499 3
3500 3
3501 3
3502 3
3503 3
3504 3
3505 2
3506 4
3507 5
3508 5
3509 5
3510 2
3511 2
3512 4
3513 2
3514 2
3515 4
3516 4
3517 3
3518 4
3519 1
3520 1
3521 3
3522 2
3523 3
3524 3
3525 2
3526 5
3527 2
3528 5
3529 1
3530 1
3531 3
3532 3
3533 5
3534 1
3535 1
3536 3
3537 2
3538 2
3539 4
3540 5
3541 2
3542 4
3543 2
3544 5
3545 4
3546 2
3547 3
3548 2
3549 1
3550 5
3551 2
3552 5
3553 3
3554 5
3555 5
3556 1
3557 1
3558 4
3559 5
3560 5
3561 4
3562 3
3563 1
3564 4
3565 4
3566 1
3567 5
3568 5
3569 3
3570 3
3571 2
3572 4
3573 3
3574 1
3575 5
3576 5
3577 5
3578 2
3579 5
3580 3
3581 3
3582 4
3583 4
3584 2
3585 3
3586 4
3587 1
3588 1
3589 4
3590 3
3591 4
3592 2
3593 3
3594 3
3595 5
3596 2
3597 1
3598 5
3599 4
3600 5
3601 4
3602 1
3603 5
3604 5
3605 1
3606 4
3607 5
3608 3
3609 1
3610 3
3611 1
3612 2
3613 3
3614 1
3615 4
3616 5
3617 3
3618 5
3619 1
3620 1
3621 5
3622 2
3623 3
3624 2
3625 3
3626 5
3627 2
3628 5
3629 5
3630 2
3631 4
3632 5
3633 2
3634 5
3635 2
3636 4
3637 4
3638 5
3639 3
3640 1
3641 3
3642 4
3643 2
3644 1
3645 1
3646 1
3647 5
3648 5
3649 5
3650 1
3651 1
3652 5
3653 3
3654 2
3655 1
3656 2
3657 2
3658 4
3659 2
3660 3
3661 3
3662 4
3663 5
3664 1
3665 4
3666 2
3667 2
3668 4
3669 2
3670 3
3671 1
3672 1
3673 1
3674 2
3675 4
3676 5
3677 4
3678 3
3679 3
3680 3
3681 4
3682 5
3683 2
3684 1
3685 5
3686 5
3687 4
3688 4
3689 2
3690 5
3691 1
3692 4
3693 5
3694 3
3695 2
3696 3
3697 1
3698 5
3699 2
3700 2
3701 3
3702 4
3703 3
3704 5
3705 1
3706 1
3707 4
3708 5
3709 4
3710 4
3711 4
3712 3
3713 4
3714 5
3715 3
3716 5
3717 1
3718 3
3719 3
3720 2
3721 1
3722 1
3723 1
3724 1
3725 5
3726 2
3727 5
3728 2
3729 1
3730 1
3731 2
3732 5
3733 2
3734 2
3735 2
3736 2
3737 5
3738 4
3739 4
3740 1
3741 5
3742 3
3743 2
3744 3
3745 2
3746 2
3747 1
3748 2
3749 4
3750 1
3751 2
3752 3
3753 5
3754 5
3755 2
3756 5
3757 1
3758 4
3759 4
3760 1
3761 1
3762 1
3763 5
3764 1
3765 4
3766 3
3767 2
3768 4
3769 2
3770 1
3771 5
3772 2
3773 1
3774 1
3775 1
3776 4
3777 3
3778 2
3779 3
3780 2
3781 1
3782 3
3783 2
3784 4
3785 3
3786 5
3787 1
3788 4
3789 1
3790 1
3791 5
3792 2
3793 3
3794 4
3795 2
3796 3
3797 4
3798 3
3799 1
3800 5
3801 4
3802 3
3803 4
3804 3
3805 2
3806 1
3807 4
3808 1
3809 5
3810 4
3811 4
3812 3
3813 1
3814 4
3815 3
3816 4
3817 3
3818 3
3819 2
3820 4
3821 2
3822 3
3823 4
3824 3
3825 1
3826 4
3827 4
3828 1
3829 4
3830 1
3831 5
3832 1
3833 1
3834 2
3835 1
3836 5
3837 4
3838 3
3839 3
3840 1
3841 2
3842 3
3843 2
3844 2
3845 4
3846 1
3847 1
3848 3
3849 1
3850 4
3851 5
3852 3
3853 5
3854 5
3855 5
3856 3
3857 2
3858 4
3859 2
3860 5
3861 4
3862 4
3863 4
3864 5
3865 3
3866 5
3867 3
3868 2
3869 1
3870 1
3871 5
3872 3
3873 5
3874 4
3875 2
3876 2
3877 4
3878 1
3879 2
3880 2
3881 5
3882 5
3883 3
3884 4
3885 2
3886 1
3887 2
3888 2
3889 2
3890 2
3891 2
3892 1
3893 1
3894 3
3895 1
3896 3
3897 1
3898 5
3899 5
3900 5
3901 1
3902 1
3903 4
3904 3
3905 3
3906 3
3907 2
3908 3
3909 1
3910 4
3911 1
3912 1
3913 1
3914 5
3915 2
3916 4
3917 5
3918 4
3919 5
3920 4
3921 5
3922 2
3923 4
3924 3
3925 5
3926 4
3927 3
3928 3
3929 5
3930 2
3931 2
3932 5
3933 4
3934 4
3935 3
3936 5
3937 4
3938 4
3939 1
3940 3
3941 5
3942 3
3943 1
3944 1
3945 1
3946 4
3947 3
3948 1
3949 1
3950 3
3951 3
3952 2
3953 3
3954 3
3955 4
3956 5
3957 3
3958 5
3959 1
3960 3
3961 4
3962 4
3963 4
3964 3
3965 2
3966 4
3967 2
3968 2
3969 1
3970 3
3971 3
3972 2
3973 4
3974 1
3975 3
3976 2
3977 2
3978 3
3979 5
3980 1
3981 1
3982 2
3983 4
3984 5
3985 5
3986 5
3987 5
3988 1
3989 1
3990 5
3991 3
3992 2
3993 4
3994 2
3995 5
3996 4
3997 1
3998 2
3999 2
4000 5
4001 2
4002 3
4003 3
4004 1
4005 5
4006 1
4007 3
4008 5
4009 4
4010 1
4011 3
4012 1
4013 5
4014 4
4015 3
4016 3
4017 3
4018 5
4019 4
4020 4
4021 5
4022 5
4023 1
4024 3
4025 4
4026 5
4027 4
4028 3
4029 3
4030 1
4031 2
4032 5
4033 3
4034 4
4035 3
4036 3
4037 2
4038 5
4039 1
4040 3
4041 3
4042 2
4043 4
4044 2
4045 1
4046 2
4047 3
4048 4
4049 2
4050 3
4051 5
4052 3
4053 3
4054 5
4055 3
4056 4
4057 1
4058 3
4059 3
4060 3
4061 3
4062 3
4063 2
4064 4
4065 4
4066 1
4067 4
4068 2
4069 3
4070 3
4071 3
4072 1
4073 3
4074 2
4075 1
4076 2
4077 2
4078 2
4079 2
4080 4
4081 3
4082 5
4083 1
4084 4
4085 3
4086 1
4087 5
4088 4
4089 3
4090 4
4091 5
4092 3
4093 2
4094 2
4095 2
4096 2
4097 2
4098 5
4099 1
4100 2
4101 4
4102 5
4103 5
4104 3
4105 5
4106 3
4107 3
4108 3
4109 3
4110 5
4111 3
4112 2
4113 1
4114 3
4115 4
4116 2
4117 1
4118 2
4119 5
4120 2
4121 1
4122 4
4123 4
4124 1
4125 3
4126 4
4127 1
4128 1
4129 2
4130 2
4131 2
4132 1
4133 1
4134 3
4135 2
4136 3
4137 1
4138 2
4139 2
4140 1
4141 4
4142 5
4143 3
4144 2
4145 2
4146 1
4147 2
4148 1
4149 2
4150 2
4151 3
4152 2
4153 2
4154 5
4155 2
4156 4
4157 5
4158 1
4159 5
4160 4
4161 4
4162 5
4163 2
4164 5
4165 1
4166 2
4167 4
4168 5
4169 1
4170 1
4171 1
4172 2
4173 4
4174 2
4175 1
4176 3
4177 5
4178 1
4179 1
4180 2
4181 2
4182 3
4183 5
4184 3
4185 3
4186 4
4187 4
4188 3
4189 5
4190 1
4191 2
4192 3
4193 2
4194 4
4195 4
4196 4
4197 3
4198 1
4199 3
4200 4
4201 1
4202 4
4203 3
4204 5
4205 3
4206 4
4207 4
4208 1
4209 1
4210 2
4211 1
4212 3
4213 4
4214 3
4215 5
4216 4
4217 1
4218 4
4219 4
4220 4
4221 4
4222 3
4223 4
4224 2
4225 3
4226 1
4227 4
4228 1
4229 1
4230 1
4231 1
4232 4
4233 2
4234 4
4235 5
4236 4
4237 4
4238 2
4239 3
4240 5
4241 3
4242 2
4243 5
4244 4
4245 4
4246 1
4247 2
4248 5
4249 1
4250 3
4251 1
4252 2
4253 2
4254 3
4255 2
4256 3
4257 3
4258 2
4259 2
4260 2
4261 4
4262 4
4263 1
4264 2
4265 2
4266 1
4267 3
4268 2
4269 4
4270 2
4271 4
4272 2
4273 1
4274 2
4275 3
4276 3
4277 5
4278 4
4279 5
4280 5
4281 3
4282 4
4283 2
4284 3
4285 4
4286 4
4287 5
4288 3
4289 1
4290 2
4291 2
4292 2
4293 5
4294 5
4295 3
4296 3
4297 1
4298 2
4299 1
4300 4
4301 2
4302 1
4303 3
4304 5
4305 2
4306 4
4307 5
4308 2
4309 2
4310 2
4311 3
4312 4
4313 3
4314 5
4315 3
4316 4
4317 5
4318 1
4319 5
4320 2
4321 2
4322 3
4323 5
4324 4
4325 1
4326 1
4327 5
4328 5
4329 5
4330 4
4331 4
4332 3
4333 4
4334 3
4335 2
4336 3
4337 5
4338 3
4339 3
4340 5
4341 3
4342 3
4343 2
4344 3
4345 4
4346 1
4347 1
4348 4
4349 4
4350 1
4351 1
4352 1
4353 5
4354 2
4355 3
4356 3
4357 2
4358 1
4359 5
4360 3
4361 1
4362 2
4363 4
4364 4
4365 4
4366 5
4367 3
4368 3
4369 4
4370 2
4371 2
4372 2
4373 1
4374 1
4375 2
4376 5
4377 5
4378 1
4379 3
4380 2
4381 2
4382 4
4383 4
4384 3
4385 5
4386 4
4387 3
4388 2
4389 1
4390 4
4391 5
4392 3
4393 2
4394 4
4395 5
4396 5
4397 2
4398 1
4399 1
4400 5
4401 1
4402 2
4403 2
4404 1
4405 1
4406 5
4407 4
4408 2
4409 5
4410 2
4411 3
4412 1
4413 5
4414 2
4415 2
4416 5
4417 2
4418 4
4419 2
4420 5
4421 3
4422 5
4423 5
4424 2
4425 2
4426 4
4427 1
4428 4
4429 4
4430 2
4431 1
4432 2
4433 5
4434 5
4435 5
4436 5
4437 4
4438 3
4439 4
4440 1
4441 3
4442 2
4443 2
4444 2
4445 1
4446 2
4447 5
4448 1
4449 5
4450 3
4451 5
4452 2
4453 4
4454 1
4455 3
4456 2
4457 1
4458 4
4459 4
4460 2
4461 2
4462 4
4463 4
4464 3
4465 3
4466 5
4467 3
4468 3
4469 2
4470 1
4471 1
4472 3
4473 5
4474 2
4475 5
4476 5
4477 4
4478 3
4479 2
4480 5
4481 5
4482 3
4483 1
4484 1
4485 5
4486 2
4487 2
4488 5
4489 2
4490 5
4491 2
4492 5
4493 4
4494 4
4495 1
4496 1
4497 5
4498 1
4499 2
4500 4
4501 5
4502 2
4503 3
4504 5
4505 1
4506 2
4507 1
4508 5
4509 4
4510 4
4511 3
4512 2
4513 3
4514 1
4515 3
4516 3
4517 3
4518 5
4519 5
4520 1
4521 4
4522 5
4523 5
4524 1
4525 5
4526 1
4527 2
4528 1
4529 4
4530 2
4531 3
4532 1
4533 3
4534 1
4535 5
4536 3
4537 3
4538 4
4539 1
4540 5
4541 4
4542 5
4543 4
4544 4
4545 2
4546 4
4547 3
4548 4
4549 4
4550 4
4551 5
4552 5
4553 2
4554 1
4555 3
4556 2
4557 4
4558 1
4559 5
4560 4
4561 5
4562 2
4563 4
4564 1
4565 5
4566 2
4567 1
4568 1
4569 3
4570 4
4571 3
4572 1
4573 4
4574 5
4575 3
4576 5
4577 1
4578 5
4579 5
4580 1
4581 4
4582 5
4583 5
4584 2
4585 2
4586 2
4587 2
4588 5
4589 3
4590 5
4591 3
4592 1
4593 3
4594 2
4595 4
4596 2
4597 1
4598 4
4599 1
4600 3
4601 5
4602 4
4603 2
4604 1
4605 1
4606 4
4607 5
4608 4
4609 3
4610 1
4611 1
4612 3
4613 5
4614 4
4615 2
4616 4
4617 3
4618 4
4619 4
4620 3
4621 1
4622 4
4623 3
4624 3
4625 1
4626 5
4627 1
4628 3
4629 2
4630 1
4631 1
4632 3
4633 1
4634 1
4635 4
4636 5
4637 1
4638 4
4639 2
4640 4
4641 3
4642 3
4643 1
4644 3
4645 3
4646 3
4647 1
4648 4
4649 3
4650 5
4651 4
4652 1
4653 4
4654 4
4655 4
4656 5
4657 5
4658 5
4659 4
4660 4
4661 2
4662 3
4663 4
4664 1
4665 1
4666 5
4667 3
4668 4
4669 2
4670 3
4671 2
4672 4
4673 2
4674 1
4675 4
4676 1
4677 1
4678 1
4679 2
4680 5
4681 1
4682 3
4683 1
4684 5
4685 5
4686 1
4687 1
4688 5
4689 2
4690 2
4691 5
4692 1
4693 1
4694 1
4695 4
4696 2
4697 4
4698 5
4699 1
4700 2
4701 2
4702 3
4703 4
4704 2
4705 3
4706 2
4707 2
4708 2
4709 3
4710 1
4711 2
4712 1
4713 4
4714 4
4715 2
4716 5
4717 2
4718 4
4719 5
4720 2
4721 2
4722 2
4723 2
4724 3
4725 4
4726 2
4727 4
4728 2
4729 1
4730 4
4731 4
4732 1
4733 4
4734 4
4735 1
4736 4
4737 4
4738 2
4739 1
4740 1
4741 4
4742 3
4743 5
4744 3
4745 5
4746 2
4747 5
4748 5
4749 1
4750 4
4751 2
4752 3
4753 2
4754 3
4755 3
4756 4
4757 4
4758 5
4759 1
4760 1
4761 3
4762 4
4763 4
4764 3
4765 4
4766 5
4767 2
4768 2
4769 1
4770 5
4771 3
4772 5
4773 3
4774 5
4775 2
4776 4
4777 1
4778 4
4779 2
4780 3
4781 1
4782 3
4783 3
4784 4
4785 3
4786 5
4787 2
4788 5
4789 5
4790 2
4791 3
4792 4
4793 4
4794 4
4795 2
4796 5
4797 4
4798 4
4799 3
4800 1
4801 2
4802 4
4803 2
4804 2
4805 5
4806 5
4807 2
4808 5
4809 1
4810 5
4811 1
4812 5
4813 2
4814 2
4815 3
4816 4
4817 5
4818 1
4819 1
4820 1
4821 5
4822 4
4823 5
4824 5
4825 4
4826 2
4827 4
4828 1
4829 3
4830 5
4831 1
4832 2
4833 1
4834 2
4835 3
4836 5
4837 2
4838 5
4839 2
4840 3
4841 5
4842 1
4843 2
4844 4
4845 1
4846 3
4847 1
4848 3
4849 4
4850 4
4851 3
4852 5
4853 5
4854 2
4855 2
4856 2
4857 4
4858 3
4859 1
4860 5
4861 3
4862 5
4863 5
4864 5
4865 4
4866 4
4867 3
4868 4
4869 5
4870 4
4871 2
4872 3
4873 3
4874 2
4875 3
4876 5
4877 5
4878 1
4879 1
4880 1
4881 1
4882 5
4883 5
4884 1
4885 2
4886 1
4887 2
4888 2
4889 2
4890 2
4891 2
4892 3
4893 3
4894 5
4895 2
4896 3
4897 5
4898 2
4899 3
4900 2
4901 5
4902 5
4903 3
4904 3
4905 2
4906 3
4907 1
4908 4
4909 5
4910 5
4911 5
4912 5
4913 1
4914 5
4915 3
4916 3
4917 3
4918 3
4919 5
4920 5
4921 1
4922 4
4923 3
4924 4
4925 2
4926 5
4927 5
4928 2
4929 2
4930 4
4931 1
4932 1
4933 2
4934 1
4935 5
4936 5
4937 1
4938 3
4939 2
4940 3
4941 2
4942 1
4943 3
4944 1
4945 1
4946 2
4947 2
4948 3
4949 3
4950 5
4951 3
4952 3
4953 4
4954 2
4955 3
4956 4
4957 5
4958 4
4959 1
4960 3
4961 5
4962 2
4963 5
4964 5
4965 5
4966 2
4967 4
4968 3
4969 1
4970 2
4971 1
4972 4
4973 3
4974 1
4975 5
4976 1
4977 4
4978 2
4979 1
4980 2
4981 4
4982 5
4983 2
4984 1
4985 1
4986 3
4987 2
4988 5
4989 3
4990 4
4991 1
4992 3
4993 2
4994 2
4995 2
4996 5
4997 3
4998 4
4999 3
5000 1
5001 2
5002 3
5003 1
5004 1
5005 2
5006 2
5007 3
5008 3
5009 4
5010 3
5011 1
5012 2
5013 2
5014 3
5015 1
5016 3
5017 5
5018 2
5019 2
5020 2
5021 3
5022 3
5023 4
5024 1
5025 3
5026 2
5027 2
5028 2
5029 1
5030 3
5031 5
5032 3
5033 5
5034 5
5035 5
5036 5
5037 5
5038 5
5039 3
5040 3
5041 3
5042 5
5043 5
5044 3
5045 2
5046 4
5047 5
5048 1
5049 3
5050 4
5051 1
5052 5
5053 2
5054 3
5055 3
5056 3
5057 2
5058 3
5059 5
5060 3
5061 5
5062 4
5063 1
5064 4
5065 3
5066 1
5067 3
5068 3
5069 1
5070 4
5071 5
5072 3
5073 2
5074 3
5075 5
5076 5
5077 4
5078 1
5079 1
5080 2
5081 2
5082 4
5083 2
5084 1
5085 2
5086 1
5087 5
5088 4
5089 4
5090 2
5091 1
5092 4
5093 3
5094 2
5095 4
5096 3
5097 1
5098 1
5099 5
5100 3
5101 4
5102 2
5103 2
5104 1
5105 2
5106 4
5107 3
5108 4
5109 4
5110 2
5111 4
5112 3
5113 5
5114 2
5115 4
5116 3
5117 5
5118 4
5119 5
5120 4
5121 5
5122 2
5123 2
5124 2
5125 4
5126 4
5127 5
5128 5
5129 5
5130 3
5131 4
5132 3
5133 4
5134 2
5135 3
5136 4
5137 3
5138 5
5139 3
5140 3
5141 4
5142 2
5143 5
5144 5
5145 1
5146 5
5147 4
5148 2
5149 4
5150 4
5151 4
5152 3
5153 3
5154 2
5155 3
5156 2
5157 1
5158 3
5159 2
5160 3
5161 5
5162 5
5163 2
5164 4
5165 2
5166 5
5167 5
5168 4
5169 4
5170 5
5171 3
5172 3
5173 5
5174 4
5175 4
5176 1
5177 3
5178 4
5179 2
5180 5
5181 3
5182 5
5183 5
5184 3
5185 2
5186 5
5187 3
5188 2
5189 3
5190 4
5191 1
5192 3
5193 2
5194 1
5195 3
5196 2
5197 3
5198 4
5199 5
5200 4
5201 5
5202 1
5203 2
5204 5
5205 2
5206 2
5207 1
5208 3
5209 3
5210 1
5211 4
5212 2
5213 2
5214 4
5215 1
5216 5
5217 5
5218 4
5219 1
5220 5
5221 3
5222 4
5223 2
5224 5
5225 3
5226 2
5227 4
5228 5
5229 3
5230 5
5231 4
5232 2
5233 1
5234 4
5235 5
5236 3
5237 1
5238 2
5239 5
5240 1
5241 1
5242 4
5243 3
5244 5
5245 3
5246 1
5247 5
5248 4
5249 1
5250 4
5251 4
5252 4
5253 2
5254 5
5255 5
5256 4
5257 1
5258 5
5259 5
5260 3
5261 1
5262 1
5263 1
5264 5
5265 2
5266 1
5267 3
5268 4
5269 4
5270 2
5271 4
5272 1
5273 1
5274 5
5275 3
5276 1
5277 2
5278 5
5279 1
5280 5
5281 4
5282 2
5283 5
5284 1
5285 4
5286 1
5287 2
5288 3
5289 1
5290 4
5291 2
5292 5
5293 5
5294 3
5295 1
5296 1
5297 5
5298 3
5299 4
5300 4
5301 5
5302 5
5303 5
5304 4
5305 1
5306 1
5307 1
5308 4
5309 1
5310 1
5311 2
5312 4
5313 3
5314 5
5315 2
5316 1
5317 3
5318 5
5319 4
5320 4
5321 2
5322 2
5323 5
5324 2
5325 1
5326 1
5327 2
5328 3
5329 5
5330 3
5331 5
5332 4
5333 4
5334 1
5335 5
5336 2
5337 5
5338 1
5339 4
5340 3
5341 3
5342 3
5343 5
5344 2
5345 5
5346 3
5347 3
5348 4
5349 2
5350 1
5351 2
5352 4
5353 4
5354 1
5355 2
5356 3
5357 5
5358 5
5359 3
5360 1
5361 2
5362 1
5363 3
5364 1
5365 4
5366 3
5367 5
5368 2
5369 2
5370 4
5371 5
5372 3
5373 5
5374 1
5375 2
5376 1
5377 1
5378 4
5379 4
5380 2
5381 1
5382 2
5383 4
5384 1
5385 3
5386 5
5387 2
5388 4
5389 3
5390 3
5391 4
5392 4
5393 4
5394 2
5395 1
5396 3
5397 3
5398 1
5399 1
5400 3
5401 2
5402 5
5403 2
5404 4
5405 5
5406 3
5407 4
5408 4
5409 2
5410 4
5411 2
5412 2
5413 5
5414 5
5415 4
5416 1
5417 1
5418 4
5419 2
5420 5
5421 1
5422 2
5423 5
5424 3
5425 2
5426 4
5427 5
5428 3
5429 5
5430 4
5431 3
5432 5
5433 1
5434 2
5435 5
5436 2
5437 1
5438 5
5439 2
5440 5
5441 2
5442 4
5443 5
5444 3
5445 3
5446 5
5447 3
5448 1
5449 1
5450 4
5451 2
5452 5
5453 4
5454 5
5455 3
5456 1
5457 5
5458 2
5459 1
5460 1
5461 5
5462 1
5463 4
5464 3
5465 1
5466 5
5467 5
5468 5
5469 5
5470 4
5471 3
5472 2
5473 2
5474 4
5475 3
5476 1
5477 5
5478 3
5479 2
5480 3
5481 1
5482 1
5483 1
5484 1
5485 3
5486 1
5487 4
5488 1
5489 4
5490 4
5491 1
5492 2
5493 4
5494 3
5495 2
5496 3
5497 1
5498 4
5499 3
5500 3
5501 4
5502 3
5503 3
5504 4
5505 5
5506 4
5507 4
5508 2
5509 1
5510 5
5511 5
5512 4
5513 1
5514 5
5515 5
5516 3
5517 3
5518 3
5519 2
5520 4
5521 1
5522 1
5523 3
5524 4
5525 2
5526 1
5527 4
5528 2
5529 3
5530 1
5531 1
5532 1
5533 2
5534 2
5535 2
5536 1
5537 1
5538 1
5539 5
5540 3
5541 4
5542 4
5543 2
5544 2
5545 1
5546 5
5547 1
5548 5
5549 4
5550 5
5551 5
5552 2
5553 5
5554 1
5555 5
5556 3
5557 5
5558 2
5559 3
5560 2
5561 4
5562 1
5563 2
5564 3
5565 4
5566 5
5567 5
5568 1
5569 1
5570 2
5571 1
5572 3
5573 2
5574 4
5575 4
5576 5
5577 4
5578 1
5579 3
5580 1
5581 2
5582 3
5583 2
5584 2
5585 4
5586 3
5587 3
5588 5
5589 2
5590 1
5591 4
5592 5
5593 5
5594 1
5595 4
5596 5
5597 1
5598 3
5599 5
5600 3
5601 5
5602 2
5603 1
5604 1
5605 1
5606 2
5607 5
5608 4
5609 5
5610 5
5611 2
5612 4
5613 3
5614 1
5615 1
5616 2
5617 3
5618 4
5619 4
5620 2
5621 3
5622 4
5623 5
5624 2
5625 4
5626 5
5627 1
5628 1
5629 4
5630 5
5631 4
5632 3
5633 1
5634 5
5635 2
5636 3
5637 4
5638 4
5639 2
5640 4
5641 3
5642 1
5643 5
5644 3
5645 1
5646 5
5647 1
5648 2
5649 2
5650 3
5651 5
5652 2
5653 3
5654 3
5655 5
5656 2
5657 2
5658 4
5659 2
5660 2
5661 1
5662 1
5663 2
5664 2
5665 3
5666 5
5667 4
5668 1
5669 4
5670 5
5671 2
5672 2
5673 3
5674 4
5675 3
5676 4
5677 5
5678 3
5679 2
5680 2
5681 3
5682 1
5683 3
5684 4
5685 4
5686 2
5687 3
5688 1
5689 4
5690 4
5691 5
5692 3
5693 3
5694 2
5695 4
5696 5
5697 1
5698 4
5699 5
5700 3
5701 4
5702 4
5703 2
5704 3
5705 4
5706 1
5707 5
5708 3
5709 1
5710 2
5711 3
5712 4
5713 5
5714 1
5715 3
5716 3
5717 1
5718 3
5719 4
5720 3
5721 2
5722 1
5723 5
5724 3
5725 3
5726 2
5727 4
5728 2
5729 5
5730 3
5731 5
5732 3
5733 5
5734 2
5735 3
5736 3
5737 1
5738 3
5739 2
5740 3
5741 1
5742 2
5743 3
5744 5
5745 1
5746 1
5747 1
5748 2
5749 3
5750 1
5751 4
5752 2
5753 1
5754 5
5755 5
5756 3
5757 5
5758 1
5759 5
5760 4
5761 5
5762 5
5763 1
5764 4
5765 1
5766 5
5767 5
5768 1
5769 2
5770 4
5771 3
5772 2
5773 2
5774 2
5775 3
5776 5
5777 2
5778 2
5779 1
5780 2
5781 5
5782 2
5783 2
5784 4
5785 1
5786 3
5787 5
5788 5
5789 3
5790 5
5791 4
5792 5
5793 4
5794 4
5795 5
5796 2
5797 2
5798 1
5799 3
5800 5
5801 1
5802 5
5803 3
5804 4
5805 1
5806 2
5807 5
5808 1
5809 3
5810 1
5811 2
5812 1
5813 4
5814 1
5815 3
5816 2
5817 5
5818 2
5819 2
5820 1
5821 1
5822 1
5823 4
5824 4
5825 5
5826 2
5827 2
5828 5
5829 3
5830 5
5831 3
5832 5
5833 4
5834 4
5835 3
5836 1
5837 2
5838 1
5839 2
5840 4
5841 3
5842 4
5843 1
5844 5
5845 1
5846 3
5847 4
5848 4
5849 2
5850 2
5851 3
5852 2
5853 1
5854 1
5855 4
5856 2
5857 3
5858 2
5859 3
5860 5
5861 1
5862 3
5863 1
5864 1
5865 2
5866 2
5867 1
5868 3
5869 4
5870 2
5871 4
5872 4
5873 5
5874 1
5875 3
5876 5
5877 3
5878 1
5879 5
5880 1
5881 5
5882 5
5883 1
5884 2
5885 3
5886 2
5887 2
5888 3
5889 3
5890 2
5891 4
5892 3
5893 3
5894 3
5895 5
5896 5
5897 3
5898 3
5899 2
5900 3
5901 5
5902 4
5903 3
5904 2
5905 4
5906 1
5907 4
5908 3
5909 3
5910 4
5911 2
5912 5
5913 1
5914 3
5915 1
5916 3
5917 5
5918 2
5919 4
5920 1
5921 5
5922 3
5923 3
5924 5
5925 4
5926 3
5927 1
5928 4
5929 2
5930 3
5931 2
5932 4
5933 1
5934 3
5935 4
5936 2
5937 2
5938 4
5939 3
5940 4
5941 2
5942 1
5943 2
5944 1
5945 4
5946 3
5947 2
5948 2
5949 5
5950 1
5951 3
5952 4
5953 2
5954 2
5955 3
5956 5
5957 4
5958 3
5959 3
5960 3
5961 5
5962 4
5963 3
5964 1
5965 1
5966 2
5967 1
5968 4
5969 1
5970 2
5971 2
5972 4
5973 4
5974 2
5975 1
5976 3
5977 1
5978 3
5979 3
5980 1
5981 4
5982 3
5983 5
5984 3
5985 2
5986 5
5987 5
5988 3
5989 5
5990 3
5991 4
5992 4
5993 5
5994 4
5995 5
5996 5
5997 2
5998 5
5999 2
6000 5
6001 2
6002 4
6003 5
6004 5
6005 5
6006 2
6007 5
6008 1
6009 2
6010 5
6011 4
6012 1
6013 5
6014 5
6015 2
6016 4
6017 4
6018 3
6019 3
6020 1
6021 3
6022 4
6023 4
6024 5
6025 4
6026 1
6027 2
6028 2
6029 5
6030 3
6031 3
6032 4
6033 1
6034 4
6035 1
6036 5
6037 2
6038 3
6039 2
6040 2
6041 1
6042 4
6043 2
6044 5
6045 5
6046 3
6047 1
6048 1
6049 2
6050 2
6051 3
6052 3
6053 5
6054 4
6055 4
6056 2
6057 4
6058 4
6059 2
6060 3
6061 4
6062 3
6063 4
6064 3
6065 4
6066 1
6067 4
6068 5
6069 4
6070 5
6071 3
6072 1
6073 5
6074 5
6075 4
6076 2
6077 1
6078 2
6079 4
6080 1
6081 3
6082 3
6083 3
6084 3
6085 5
6086 5
6087 5
6088 5
6089 3
6090 2
6091 4
6092 2
6093 4
6094 4
6095 3
6096 4
6097 4
6098 3
6099 4
6100 4
6101 2
6102 4
6103 2
6104 4
6105 4
6106 4
6107 1
6108 2
6109 2
6110 4
6111 3
6112 2
6113 3
6114 2
6115 1
6116 3
6117 1
6118 2
6119 5
6120 3
6121 5
6122 1
6123 2
6124 5
6125 2
6126 5
6127 4
6128 4
6129 5
6130 4
6131 4
6132 5
6133 2
6134 5
6135 2
6136 1
6137 2
6138 1
6139 3
6140 4
6141 3
6142 4
6143 4
6144 2
6145 4
6146 2
6147 5
6148 5
6149 2
6150 1
6151 5
6152 5
6153 5
6154 1
6155 3
6156 5
6157 5
6158 1
6159 1
6160 3
6161 4
6162 3
6163 1
6164 1
6165 5
6166 1
6167 3
6168 1
6169 2
6170 1
6171 1
6172 1
6173 1
6174 2
6175 5
6176 3
6177 2
6178 4
6179 5
6180 3
6181 4
6182 4
6183 3
6184 4
6185 1
6186 4
6187 2
6188 4
6189 5
6190 2
6191 1
6192 5
6193 5
6194 2
6195 3
6196 1
6197 2
6198 2
6199 1
6200 5
6201 2
6202 2
6203 2
6204 4
6205 3
6206 3
6207 3
6208 3
6209 2
6210 4
6211 5
6212 5
6213 3
6214 5
6215 3
6216 1
6217 5
6218 3
6219 3
6220 5
6221 1
6222 1
6223 2
6224 2
6225 2
6226 2
6227 4
6228 1
6229 4
6230 2
6231 3
6232 4
6233 3
6234 4
6235 4
6236 1
6237 5
6238 4
6239 1
6240 4
6241 3
6242 1
6243 4
6244 3
6245 3
6246 5
6247 2
6248 5
6249 4
6250 1
6251 5
6252 5
6253 5
6254 5
6255 1
6256 2
6257 4
6258 4
6259 5
6260 1
6261 3
6262 2
6263 4
6264 4
6265 2
6266 5
6267 5
6268 3
6269 2
6270 3
6271 2
6272 4
6273 3
6274 5
6275 4
6276 5
6277 3
6278 4
6279 5
6280 3
6281 2
6282 1
6283 1
6284 5
6285 1
6286 1
6287 4
6288 4
6289 5
6290 4
6291 2
6292 3
6293 4
6294 1
6295 1
6296 3
6297 3
6298 1
6299 3
6300 4
6301 5
6302 4
6303 1
6304 3
6305 5
6306 1
6307 3
6308 5
6309 5
6310 2
6311 3
6312 4
6313 4
6314 5
6315 3
6316 3
6317 4
6318 5
6319 2
6320 5
6321 2
6322 2
6323 1
6324 2
6325 2
6326 1
6327 1
6328 5
6329 4
6330 4
6331 1
6332 3
6333 4
6334 4
6335 4
6336 1
6337 1
6338 2
6339 3
6340 2
6341 1
6342 5
6343 4
6344 4
6345 1
6346 5
6347 5
6348 3
6349 2
6350 3
6351 5
6352 5
6353 5
6354 3
6355 1
6356 5
6357 1
6358 5
6359 3
6360 3
6361 4
6362 5
6363 5
6364 1
6365 5
6366 5
6367 3
6368 3
6369 2
6370 2
6371 3
6372 5
6373 5
6374 4
6375 4
6376 3
6377 2
6378 4
6379 4
6380 3
6381 3
6382 5
6383 5
6384 2
6385 1
6386 5
6387 1
6388 3
6389 4
6390 1
6391 4
6392 2
6393 5
6394 3
6395 2
6396 5
6397 3
6398 1
6399 3
6400 5
6401 3
6402 5
6403 3
6404 3
6405 5
6406 2
6407 5
6408 3
6409 5
6410 5
6411 2
6412 4
6413 3
6414 5
6415 4
6416 5
6417 5
6418 4
6419 1
6420 2
6421 4
6422 2
6423 5
6424 4
6425 3
6426 2
6427 1
6428 2
6429 5
6430 4
6431 2
6432 5
6433 3
6434 2
6435 1
6436 2
6437 3
6438 2
6439 5
6440 1
6441 5
6442 2
6443 3
6444 5
6445 5
6446 4
6447 4
6448 2
6449 1
6450 1
6451 2
6452 2
6453 2
6454 4
6455 3
6456 2
6457 1
6458 4
6459 4
6460 1
6461 2
6462 5
6463 1
6464 3
6465 5
6466 1
6467 2
6468 4
6469 1
6470 1
6471 1
6472 4
6473 5
6474 5
6475 1
6476 3
6477 3
6478 5
6479 5
6480 5
6481 5
6482 3
6483 1
6484 3
6485 1
6486 3
6487 4
6488 5
6489 4
6490 5
6491 1
6492 2
6493 4
6494 2
6495 2
6496 4
6497 4
6498 4
6499 1
6500 5
6501 1
6502 3
6503 1
6504 3
6505 5
6506 3
6507 4
6508 3
6509 1
6510 3
6511 5
6512 1
6513 3
6514 4
6515 2
6516 1
6517 3
6518 1
6519 3
6520 2
6521 5
6522 5
6523 2
6524 1
6525 5
6526 3
6527 5
6528 2
6529 2
6530 3
6531 2
6532 3
6533 5
6534 5
6535 1
6536 4
6537 4
6538 2
6539 3
6540 3
6541 5
6542 4
6543 1
6544 5
6545 4
6546 3
6547 4
6548 1
6549 1
6550 5
6551 2
6552 3
6553 1
6554 2
6555 3
6556 1
6557 5
6558 3
6559 2
6560 4
6561 4
6562 1
6563 5
6564 4
6565 3
6566 2
6567 3
6568 2
6569 4
6570 5
6571 4
6572 5
6573 3
6574 3
6575 4
6576 5
6577 5
6578 4
6579 4
6580 4
6581 5
6582 5
6583 5
6584 3
6585 1
6586 4
6587 5
6588 1
6589 1
6590 5
6591 4
6592 3
6593 5
6594 5
6595 2
6596 5
6597 2
6598 2
6599 1
6600 5
6601 2
6602 2
6603 3
6604 2
6605 5
6606 1
6607 2
6608 1
6609 5
6610 5
6611 4
6612 2
6613 1
6614 3
6615 1
6616 3
6617 4
6618 2
6619 5
6620 5
6621 1
6622 3
6623 1
6624 4
6625 3
6626 5
6627 4
6628 3
6629 5
6630 4
6631 1
6632 5
6633 5
6634 2
6635 2
6636 1
6637 2
6638 1
6639 4
6640 2
6641 5
6642 1
6643 1
6644 2
6645 5
6646 1
6647 4
6648 2
6649 5
6650 4
6651 3
6652 4
6653 1
6654 2
6655 2
6656 5
6657 4
6658 2
6659 3
6660 2
6661 5
6662 3
6663 4
6664 5
6665 1
6666 2
6667 1
6668 1
6669 3
6670 1
6671 5
6672 2
6673 1
6674 2
6675 4
6676 2
6677 1
6678 5
6679 4
6680 4
6681 4
6682 3
6683 1
6684 5
6685 4
6686 4
6687 5
6688 5
6689 4
6690 3
6691 1
6692 4
6693 4
6694 2
6695 4
6696 3
6697 4
6698 2
6699 4
6700 5
6701 1
6702 3
6703 2
6704 1
6705 1
6706 2
6707 1
6708 4
6709 5
6710 4
6711 5
6712 1
6713 2
6714 5
6715 5
6716 4
6717 3
6718 4
6719 2
6720 2
6721 4
6722 4
6723 1
6724 5
6725 3
6726 1
6727 4
6728 1
6729 1
6730 1
6731 1
6732 1
6733 2
6734 4
6735 3
6736 3
6737 2
6738 5
6739 1
6740 3
6741 2
6742 3
6743 1
6744 3
6745 4
6746 1
6747 4
6748 1
6749 3
6750 5
6751 4
6752 2
6753 4
6754 4
6755 2
6756 3
6757 3
6758 1
6759 5
6760 1
6761 5
6762 3
6763 3
6764 2
6765 3
6766 1
6767 5
6768 5
6769 3
6770 1
6771 3
6772 3
6773 4
6774 1
6775 4
6776 3
6777 2
6778 3
6779 4
6780 5
6781 2
6782 4
6783 1
6784 2
6785 2
6786 4
6787 2
6788 2
6789 5
6790 3
6791 4
6792 4
6793 2
6794 1
6795 2
6796 1
6797 5
6798 4
6799 4
6800 4
6801 5
6802 2
6803 5
6804 5
6805 5
6806 2
6807 5
6808 5
6809 1
6810 5
6811 1
6812 3
6813 1
6814 3
6815 2
6816 1
6817 5
6818 4
6819 4
6820 2
6821 4
6822 1
6823 4
6824 5
6825 3
6826 1
6827 2
6828 5
6829 2
6830 2
6831 1
6832 4
6833 5
6834 3
6835 1
6836 3
6837 2
6838 2
6839 4
6840 5
6841 5
6842 5
6843 4
6844 3
6845 5
6846 1
6847 4
6848 3
6849 4
6850 5
6851 1
6852 2
6853 1
6854 1
6855 1
6856 2
6857 1
6858 3
6859 5
6860 5
6861 5
6862 5
6863 3
6864 5
6865 4
6866 4
6867 4
6868 5
6869 3
6870 4
6871 1
6872 5
6873 3
6874 1
6875 3
6876 1
6877 5
6878 3
6879 3
6880 3
6881 4
6882 3
6883 4
6884 2
6885 1
6886 5
6887 4
6888 4
6889 3
6890 1
6891 5
6892 1
6893 1
6894 2
6895 2
6896 2
6897 5
6898 4
6899 4
6900 3
6901 5
6902 2
6903 4
6904 2
6905 3
6906 3
6907 5
6908 2
6909 5
6910 4
6911 2
6912 5
6913 1
6914 4
6915 2
6916 3
6917 1
6918 5
6919 2
6920 3
6921 1
6922 5
6923 3
6924 5
6925 2
6926 1
6927 1
6928 3
6929 4
6930 2
6931 1
6932 1
6933 1
6934 1
6935 4
6936 3
6937 4
6938 1
6939 5
6940 2
6941 1
6942 5
6943 2
6944 2
6945 4
6946 2
6947 5
6948 5
6949 1
6950 4
6951 2
6952 1
6953 4
6954 1
6955 5
6956 4
6957 1
6958 3
6959 3
6960 4
6961 1
6962 4
6963 2
6964 1
6965 1
6966 5
6967 3
6968 3
6969 5
6970 1
6971 1
6972 3
6973 1
6974 4
6975 1
6976 4
6977 4
6978 5
6979 4
6980 2
6981 1
6982 1
6983 3
6984 2
6985 4
6986 1
6987 2
6988 4
6989 5
6990 1
6991 4
6992 1
6993 5
6994 3
6995 2
6996 5
6997 5
6998 3
6999 1
7000 2
7001 2
7002 1
7003 4
7004 3
7005 3
7006 3
7007 2
7008 5
7009 4
7010 1
7011 1
7012 4
7013 1
7014 2
7015 4
7016 1
7017 5
7018 5
7019 4
7020 2
7021 3
7022 1
7023 5
7024 3
7025 4
7026 1
7027 3
7028 2
7029 3
7030 2
7031 1
7032 1
7033 4
7034 2
7035 5
7036 3
7037 4
7038 5
7039 2
7040 4
7041 5
7042 4
7043 5
7044 3
7045 4
7046 2
7047 5
7048 4
7049 5
7050 1
7051 3
7052 5
7053 2
7054 1
7055 2
7056 4
7057 5
7058 3
7059 1
7060 2
7061 5
7062 4
7063 3
7064 5
7065 4
7066 5
7067 4
7068 1
7069 2
7070 3
7071 2
7072 5
7073 1
7074 1
7075 3
7076 3
7077 4
7078 2
7079 2
7080 4
7081 2
7082 5
7083 2
7084 1
7085 5
7086 2
7087 2
7088 4
7089 1
7090 4
7091 1
7092 3
7093 4
7094 5
7095 1
7096 1
7097 2
7098 4
7099 5
7100 4
7101 4
7102 2
7103 2
7104 3
7105 1
7106 1
7107 3
7108 4
7109 2
7110 4
7111 3
7112 2
7113 5
7114 3
7115 5
7116 1
7117 4
7118 5
7119 3
7120 5
7121 4
7122 3
7123 3
7124 1
7125 3
7126 3
7127 1
7128 3
7129 1
7130 1
7131 2
7132 1
7133 1
7134 4
7135 3
7136 2
7137 5
7138 5
7139 1
7140 1
7141 5
7142 5
7143 2
7144 3
7145 1
7146 2
7147 2
7148 1
7149 4
7150 4
7151 5
7152 1
7153 3
7154 3
7155 4
7156 4
7157 1
7158 3
7159 5
7160 5
7161 3
7162 2
7163 2
7164 2
7165 2
7166 2
7167 2
7168 3
7169 4
7170 1
7171 5
7172 5
7173 4
7174 5
7175 3
7176 4
7177 3
7178 3
7179 1
7180 4
7181 3
7182 3
7183 1
7184 1
7185 4
7186 5
7187 2
7188 4
7189 3
7190 5
7191 1
7192 1
7193 3
7194 1
7195 5
7196 3
7197 3
7198 4
7199 2
7200 5
7201 2
7202 1
7203 3
7204 3
7205 4
7206 3
7207 3
7208 3
7209 2
7210 5
7211 4
7212 3
7213 3
7214 1
7215 4
7216 3
7217 4
7218 3
7219 1
7220 5
7221 3
7222 3
7223 3
7224 5
7225 1
7226 4
7227 1
7228 1
7229 1
7230 4
7231 1
7232 3
7233 3
7234 3
7235 1
7236 5
7237 2
7238 5
7239 2
7240 2
7241 2
7242 5
7243 5
7244 2
7245 5
7246 1
7247 3
7248 2
7249 2
7250 2
7251 5
7252 3
7253 3
7254 4
7255 2
7256 1
7257 1
7258 1
7259 1
7260 3
7261 2
7262 4
7263 2
7264 2
7265 5
7266 1
7267 1
7268 1
7269 4
7270 5
7271 1
7272 1
7273 2
7274 3
7275 4
7276 5
7277 4
7278 4
7279 4
7280 2
7281 2
7282 2
7283 4
7284 1
7285 4
7286 4
7287 1
7288 1
7289 1
7290 5
7291 1
7292 1
7293 2
7294 5
7295 2
7296 5
7297 5
7298 2
7299 4
7300 1
7301 5
7302 4
7303 5
7304 1
7305 3
7306 5
7307 3
7308 5
7309 3
7310 1
7311 1
7312 4
7313 5
7314 4
7315 2
7316 5
7317 1
7318 2
7319 5
7320 1
7321 1
7322 3
7323 2
7324 3
7325 3
7326 4
7327 4
7328 5
7329 1
7330 2
7331 3
7332 4
7333 2
7334 5
7335 2
7336 2
7337 2
7338 3
7339 5
7340 2
7341 4
7342 4
7343 4
7344 5
7345 5
7346 1
7347 1
7348 3
7349 1
7350 3
7351 5
7352 4
7353 1
7354 4
7355 5
7356 2
7357 2
7358 4
7359 4
7360 1
7361 3
7362 3
7363 2
7364 4
7365 1
7366 3
7367 2
7368 1
7369 4
7370 2
7371 4
7372 1
7373 4
7374 3
7375 5
7376 3
7377 2
7378 4
7379 2
7380 2
7381 4
7382 4
7383 4
7384 1
7385 4
7386 3
7387 4
7388 5
7389 4
7390 5
7391 2
7392 4
7393 5
7394 5
7395 3
7396 2
7397 5
7398 3
7399 1
7400 2
7401 1
7402 2
7403 5
7404 3
7405 5
7406 1
7407 5
7408 5
7409 5
7410 3
7411 2
7412 2
7413 4
7414 2
7415 4
7416 1
7417 5
7418 4
7419 5
7420 3
7421 4
7422 3
7423 2
7424 2
7425 5
7426 4
7427 1
7428 1
7429 5
7430 1
7431 5
7432 4
7433 3
7434 3
7435 4
7436 1
7437 2
7438 1
7439 1
7440 4
7441 2
7442 3
7443 5
7444 5
7445 2
7446 3
7447 3
7448 3
7449 2
7450 2
7451 4
7452 2
7453 2
7454 5
7455 5
7456 4
7457 3
7458 5
7459 1
7460 1
7461 4
7462 2
7463 5
7464 1
7465 1
7466 3
7467 4
7468 5
7469 2
7470 3
7471 5
7472 4
7473 2
7474 4
7475 2
7476 3
7477 5
7478 5
7479 1
7480 1
7481 1
7482 4
7483 3
7484 4
7485 2
7486 2
7487 4
7488 4
7489 4
7490 1
7491 3
7492 3
7493 1
7494 2
7495 1
7496 3
7497 1
7498 5
7499 5
7500 1
7501 2
7502 3
7503 5
7504 4
7505 3
7506 1
7507 1
7508 3
7509 2
7510 3
7511 1
7512 2
7513 4
7514 2
7515 3
7516 5
7517 1
7518 3
7519 3
7520 4
7521 4
7522 1
7523 4
7524 2
7525 1
7526 3
7527 4
7528 3
7529 2
7530 3
7531 2
7532 1
7533 2
7534 2
7535 1
7536 4
7537 5
7538 5
7539 5
7540 1
7541 3
7542 5
7543 2
7544 5
7545 5
7546 1
7547 5
7548 5
7549 5
7550 3
7551 1
7552 1
7553 4
7554 4
7555 2
7556 4
7557 3
7558 4
7559 5
7560 1
7561 2
7562 4
7563 3
7564 1
7565 4
7566 1
7567 5
7568 5
7569 4
7570 4
7571 2
7572 1
7573 3
7574 2
7575 5
7576 4
7577 4
7578 2
7579 4
7580 5
7581 3
7582 3
7583 3
7584 1
7585 5
7586 3
7587 3
7588 2
7589 1
7590 5
7591 2
7592 4
7593 2
7594 1
7595 2
7596 2
7597 1
7598 1
7599 1
7600 1
7601 1
7602 2
7603 4
7604 2
7605 2
7606 2
7607 2
7608 5
7609 2
7610 2
7611 2
7612 5
7613 2
7614 5
7615 5
7616 4
7617 3
7618 5
7619 2
7620 3
7621 3
7622 2
7623 2
7624 1
7625 5
7626 3
7627 1
7628 1
7629 1
7630 3
7631 4
7632 4
7633 3
7634 5
7635 4
7636 4
7637 1
7638 1
7639 3
7640 3
7641 1
7642 5
7643 5
7644 4
7645 1
7646 4
7647 2
7648 1
7649 2
7650 3
7651 5
7652 4
7653 2
7654 1
7655 5
7656 3
7657 1
7658 3
7659 1
7660 2
7661 4
7662 5
7663 3
7664 4
7665 2
7666 2
7667 3
7668 4
7669 1
7670 2
7671 3
7672 3
7673 5
7674 5
7675 3
7676 5
7677 1
7678 5
7679 3
7680 3
7681 5
7682 5
7683 1
7684 4
7685 5
7686 3
7687 1
7688 1
7689 4
7690 1
7691 3
7692 3
7693 5
7694 3
7695 5
7696 5
7697 2
7698 5
7699 1
7700 3
7701 1
7702 3
7703 4
7704 1
7705 5
7706 5
7707 5
7708 4
7709 2
7710 4
7711 1
7712 5
7713 2
7714 3
7715 5
7716 4
7717 1
7718 4
7719 5
7720 1
7721 5
7722 4
7723 4
7724 2
7725 4
7726 5
7727 3
7728 1
7729 3
7730 4
7731 5
7732 5
7733 2
7734 3
7735 4
7736 2
7737 3
7738 1
7739 3
7740 3
7741 3
7742 2
7743 2
7744 5
7745 1
7746 4
7747 5
7748 5
7749 1
7750 2
7751 3
7752 4
7753 5
7754 4
7755 2
7756 4
7757 2
7758 1
7759 2
7760 1
7761 4
7762 1
7763 1
7764 5
7765 1
7766 1
7767 2
7768 5
7769 4
7770 4
7771 3
7772 1
7773 4
7774 1
7775 2
7776 5
7777 3
7778 2
7779 2
7780 2
7781 2
7782 1
7783 2
7784 4
7785 1
7786 3
7787 5
7788 5
7789 3
7790 2
7791 5
7792 1
7793 1
7794 2
7795 4
7796 1
7797 1
7798 5
7799 1
7800 4
7801 2
7802 2
7803 4
7804 2
7805 4
7806 3
7807 4
7808 1
7809 2
7810 2
7811 4
7812 2
7813 1
7814 3
7815 2
7816 3
7817 4
7818 4
7819 4
7820 5
7821 3
7822 4
7823 4
7824 5
7825 5
7826 3
7827 5
7828 2
7829 5
7830 4
7831 5
7832 1
7833 1
7834 1
7835 4
7836 3
7837 4
7838 3
7839 1
7840 2
7841 2
7842 5
7843 2
7844 3
7845 4
7846 4
7847 1
7848 5
7849 1
7850 3
7851 2
7852 1
7853 4
7854 4
7855 2
7856 3
7857 3
7858 4
7859 1
7860 2
7861 4
7862 1
7863 3
7864 3
7865 5
7866 4
7867 4
7868 5
7869 5
7870 3
7871 5
7872 5
7873 5
7874 1
7875 5
7876 3
7877 1
7878 4
7879 4
7880 2
7881 2
7882 4
7883 1
7884 5
7885 4
7886 1
7887 4
7888 2
7889 4
7890 3
7891 3
7892 4
7893 1
7894 5
7895 4
7896 3
7897 1
7898 5
7899 2
7900 5
7901 1
7902 3
7903 4
7904 5
7905 1
7906 3
7907 3
7908 4
7909 4
7910 1
7911 2
7912 5
7913 5
7914 5
7915 3
7916 3
7917 5
7918 1
7919 3
7920 5
7921 2
7922 2
7923 2
7924 5
7925 3
7926 5
7927 4
7928 2
7929 5
7930 3
7931 5
7932 4
7933 2
7934 3
7935 1
7936 1
7937 5
7938 5
7939 5
7940 5
7941 5
7942 3
7943 1
7944 5
7945 5
7946 2
7947 3
7948 4
7949 1
7950 3
7951 2
7952 2
7953 3
7954 3
7955 3
7956 5
7957 3
7958 3
7959 3
7960 1
7961 5
7962 4
7963 1
7964 3
7965 2
7966 3
7967 3
7968 4
7969 3
7970 4
7971 5
7972 4
7973 5
7974 3
7975 1
7976 5
7977 5
7978 1
7979 5
7980 2
7981 2
7982 1
7983 5
7984 3
7985 4
7986 1
7987 5
7988 5
7989 4
7990 2
7991 5
7992 2
7993 1
7994 3
7995 4
7996 3
7997 5
7998 1
7999 2
8000 5
8001 2
8002 3
8003 3
8004 3
8005 4
8006 4
8007 4
8008 2
8009 4
8010 5
8011 2
8012 4
8013 2
8014 1
8015 3
8016 4
8017 4
8018 1
8019 3
8020 1
8021 1
8022 3
8023 4
8024 2
8025 3
8026 3
8027 1
8028 5
8029 5
8030 4
8031 3
8032 4
8033 4
8034 2
8035 3
8036 3
8037 2
8038 5
8039 2
8040 1
8041 4
8042 5
8043 5
8044 5
8045 5
8046 4
8047 2
8048 4
8049 3
8050 3
8051 2
8052 4
8053 3
8054 3
8055 2
8056 3
8057 3
8058 5
8059 2
8060 2
8061 3
8062 1
8063 4
8064 1
8065 3
8066 5
8067 1
8068 3
8069 1
8070 4
8071 4
8072 4
8073 4
8074 3
8075 2
8076 5
8077 5
8078 5
8079 4
8080 5
8081 3
8082 5
8083 4
8084 3
8085 2
8086 3
8087 4
8088 4
8089 3
8090 4
8091 5
8092 3
8093 5
8094 5
8095 5
8096 1
8097 1
8098 4
8099 5
8100 3
8101 2
8102 2
8103 1
8104 5
8105 2
8106 4
8107 3
8108 1
8109 3
8110 2
8111 1
8112 5
8113 3
8114 4
8115 3
8116 2
8117 5
8118 1
8119 5
8120 5
8121 2
8122 3
8123 4
8124 5
8125 1
8126 5
8127 2
8128 3
8129 2
8130 1
8131 3
8132 2
8133 2
8134 5
8135 3
8136 3
8137 1
8138 4
8139 3
8140 5
8141 1
8142 1
8143 3
8144 4
8145 2
8146 1
8147 3
8148 5
8149 4
8150 2
8151 1
8152 1
8153 4
8154 5
8155 4
8156 1
8157 1
8158 3
8159 2
8160 3
8161 2
8162 3
8163 1
8164 1
8165 2
8166 2
8167 4
8168 5
8169 1
8170 5
8171 4
8172 2
8173 2
8174 2
8175 3
8176 2
8177 2
8178 1
8179 3
8180 2
8181 2
8182 4
8183 4
8184 1
8185 1
8186 1
8187 5
8188 2
8189 4
8190 2
8191 3
8192 4
8193 4
8194 4
8195 4
8196 3
8197 4
8198 1
8199 4
8200 2
8201 3
8202 4
8203 3
8204 3
8205 4
8206 5
8207 1
8208 4
8209 2
8210 5
8211 5
8212 1
8213 2
8214 2
8215 4
8216 1
8217 2
8218 1
8219 1
8220 1
8221 5
8222 1
8223 4
8224 5
8225 1
8226 4
8227 2
8228 3
8229 1
8230 4
8231 4
8232 4
8233 1
8234 5
8235 2
8236 4
8237 2
8238 1
8239 5
8240 2
8241 2
8242 1
8243 3
8244 3
8245 4
8246 5
8247 2
8248 5
8249 2
8250 3
8251 2
8252 5
8253 3
8254 5
8255 3
8256 4
8257 4
8258 5
8259 5
8260 5
8261 5
8262 5
8263 1
8264 4
8265 4
8266 3
8267 2
8268 4
8269 1
8270 5
8271 4
8272 3
8273 1
8274 5
8275 5
8276 1
8277 3
8278 1
8279 5
8280 4
8281 4
8282 5
8283 3
8284 3
8285 3
8286 5
8287 2
8288 1
8289 1
8290 4
8291 1
8292 2
8293 2
8294 2
8295 1
8296 3
8297 4
8298 2
8299 4
8300 2
8301 2
8302 1
8303 4
8304 2
8305 2
8306 4
8307 1
8308 1
8309 1
8310 3
8311 2
8312 3
8313 4
8314 3
8315 1
8316 4
8317 4
8318 4
8319 3
8320 4
8321 1
8322 5
8323 1
8324 5
8325 2
8326 2
8327 5
8328 2
8329 1
8330 3
8331 1
8332 5
8333 4
8334 5
8335 4
8336 1
8337 2
8338 2
8339 1
8340 2
8341 3
8342 4
8343 3
8344 3
8345 1
8346 3
8347 2
8348 2
8349 1
8350 1
8351 4
8352 1
8353 1
8354 5
8355 3
8356 2
8357 2
8358 1
8359 2
8360 4
8361 4
8362 2
8363 1
8364 1
8365 1
8366 1
8367 3
8368 1
8369 2
8370 2
8371 1
8372 5
8373 5
8374 2
8375 4
8376 3
8377 3
8378 3
8379 5
8380 1
8381 5
8382 4
8383 3
8384 4
8385 1
8386 4
8387 1
8388 5
8389 4
8390 1
8391 3
8392 2
8393 4
8394 5
8395 4
8396 2
8397 4
8398 2
8399 5
8400 3
8401 4
8402 1
8403 5
8404 3
8405 2
8406 3
8407 2
8408 1
8409 4
8410 5
8411 2
8412 3
8413 4
8414 3
8415 3
8416 5
8417 4
8418 4
8419 3
8420 3
8421 5
8422 4
8423 2
8424 1
8425 3
8426 2
8427 4
8428 5
8429 5
8430 2
8431 5
8432 3
8433 1
8434 5
8435 1
8436 1
8437 1
8438 4
8439 4
8440 3
8441 2
8442 2
8443 4
8444 3
8445 5
8446 1
8447 3
8448 3
8449 4
8450 2
8451 1
8452 5
8453 5
8454 4
8455 1
8456 4
8457 1
8458 5
8459 2
8460 4
8461 5
8462 4
8463 1
8464 3
8465 1
8466 3
8467 4
8468 5
8469 2
8470 1
8471 5
8472 2
8473 1
8474 5
8475 4
8476 5
8477 3
8478 3
8479 3
8480 5
8481 4
8482 1
8483 2
8484 1
8485 5
8486 5
8487 1
8488 2
8489 4
8490 4
8491 1
8492 3
8493 5
8494 1
8495 4
8496 5
8497 2
8498 5
8499 1
8500 4
8501 1
8502 4
8503 4
8504 1
8505 2
8506 3
8507 4
8508 2
8509 1
8510 1
8511 2
8512 5
8513 1
8514 3
8515 1
8516 1
8517 3
8518 2
8519 5
8520 2
8521 1
8522 2
8523 2
8524 5
8525 2
8526 4
8527 5
8528 3
8529 4
8530 5
8531 1
8532 1
8533 1
8534 1
8535 1
8536 1
8537 3
8538 1
8539 1
8540 3
8541 3
8542 4
8543 2
8544 5
8545 4
8546 3
8547 4
8548 5
8549 4
8550 2
8551 1
8552 5
8553 2
8554 2
8555 3
8556 4
8557 1
8558 4
8559 1
8560 4
8561 5
8562 5
8563 2
8564 5
8565 3
8566 5
8567 4
8568 2
8569 1
8570 4
8571 5
8572 4
8573 2
8574 2
8575 3
8576 5
8577 4
8578 2
8579 4
8580 4
8581 5
8582 4
8583 5
8584 3
8585 4
8586 3
8587 5
8588 4
8589 4
8590 2
8591 3
8592 3
8593 3
8594 1
8595 2
8596 3
8597 2
8598 3
8599 2
8600 3
8601 5
8602 1
8603 4
8604 1
8605 5
8606 4
8607 3
8608 2
8609 3
8610 5
8611 3
8612 1
8613 2
8614 5
8615 4
8616 1
8617 2
8618 3
8619 4
8620 2
8621 2
8622 2
8623 5
8624 1
8625 2
8626 4
8627 4
8628 1
8629 4
8630 3
8631 3
8632 2
8633 5
8634 4
8635 1
8636 1
8637 5
8638 4
8639 3
8640 2
8641 1
8642 2
8643 1
8644 3
8645 2
8646 4
8647 3
8648 3
8649 3
8650 3
8651 1
8652 3
8653 4
8654 1
8655 2
8656 3
8657 5
8658 5
8659 2
8660 1
8661 2
8662 4
8663 3
8664 3
8665 3
8666 2
8667 1
8668 4
8669 1
8670 1
8671 5
8672 5
8673 2
8674 2
8675 3
8676 1
8677 1
8678 4
8679 4
8680 3
8681 4
8682 5
8683 2
8684 2
8685 4
8686 2
8687 2
8688 3
8689 1
8690 1
8691 1
8692 5
8693 2
8694 5
8695 4
8696 3
8697 2
8698 3
8699 4
8700 4
8701 4
8702 1
8703 5
8704 2
8705 5
8706 4
8707 3
8708 1
8709 5
8710 5
8711 2
8712 2
8713 3
8714 5
8715 2
8716 5
8717 1
8718 4
8719 3
8720 5
8721 2
8722 4
8723 4
8724 5
8725 5
8726 4
8727 5
8728 5
8729 5
8730 3
8731 1
8732 3
8733 3
8734 3
8735 2
8736 2
8737 5
8738 4
8739 5
8740 1
8741 2
8742 3
8743 4
8744 2
8745 3
8746 1
8747 4
8748 1
8749 3
8750 4
8751 2
8752 2
8753 2
8754 2
8755 3
8756 4
8757 3
8758 5
8759 1
8760 4
8761 2
8762 1
8763 5
8764 4
8765 5
8766 5
8767 2
8768 4
8769 5
8770 5
8771 2
8772 1
8773 5
8774 2
8775 5
8776 3
8777 5
8778 4
8779 4
8780 5
8781 5
8782 3
8783 3
8784 2
8785 3
8786 5
8787 2
8788 2
8789 2
8790 1
8791 2
8792 2
8793 3
8794 3
8795 1
8796 4
8797 1
8798 3
8799 4
8800 1
8801 4
8802 3
8803 4
8804 2
8805 1
8806 1
8807 4
8808 1
8809 2
8810 1
8811 2
8812 1
8813 2
8814 4
8815 1
8816 4
8817 5
8818 4
8819 3
8820 4
8821 3
8822 4
8823 3
8824 2
8825 3
8826 5
8827 2
8828 4
8829 3
8830 3
8831 4
8832 2
8833 5
8834 2
8835 2
8836 3
8837 4
8838 4
8839 2
8840 5
8841 4
8842 3
8843 2
8844 5
8845 2
8846 3
8847 3
8848 1
8849 3
8850 4
8851 5
8852 3
8853 2
8854 1
8855 1
8856 3
8857 1
8858 4
8859 4
8860 1
8861 2
8862 4
8863 1
8864 1
8865 5
8866 5
8867 4
8868 1
8869 1
8870 1
8871 1
8872 4
8873 2
8874 2
8875 1
8876 4
8877 3
8878 3
8879 3
8880 2
8881 1
8882 5
8883 2
8884 1
8885 1
8886 5
8887 5
8888 1
8889 3
8890 3
8891 5
8892 5
8893 4
8894 4
8895 4
8896 4
8897 1
8898 2
8899 2
8900 2
8901 5
8902 3
8903 3
8904 5
8905 1
8906 4
8907 2
8908 5
8909 4
8910 3
8911 3
8912 2
8913 1
8914 1
8915 5
8916 1
8917 4
8918 2
8919 5
8920 4
8921 2
8922 4
8923 4
8924 1
8925 2
8926 1
8927 4
8928 4
8929 1
8930 5
8931 5
8932 2
8933 5
8934 2
8935 3
8936 5
8937 2
8938 2
8939 3
8940 5
8941 3
8942 2
8943 3
8944 3
8945 4
8946 3
8947 2
8948 2
8949 1
8950 1
8951 2
8952 2
8953 2
8954 1
8955 2
8956 2
8957 3
8958 5
8959 4
8960 4
8961 5
8962 5
8963 1
8964 2
8965 4
8966 4
8967 5
8968 5
8969 5
8970 4
8971 2
8972 2
8973 5
8974 3
8975 3
8976 5
8977 2
8978 5
8979 2
8980 2
8981 2
8982 2
8983 1
8984 3
8985 5
8986 5
8987 2
8988 5
8989 4
8990 4
8991 1
8992 4
8993 2
8994 5
8995 2
8996 3
8997 1
8998 3
8999 2
9000 2
9001 4
9002 1
9003 2
9004 4
9005 3
9006 1
9007 5
9008 1
9009 4
9010 4
9011 5
9012 3
9013 5
9014 3
9015 2
9016 5
9017 3
9018 5
9019 3
9020 2
9021 2
9022 4
9023 2
9024 5
9025 3
9026 5
9027 3
9028 1
9029 4
9030 2
9031 3
9032 5
9033 5
9034 2
9035 4
9036 3
9037 3
9038 1
9039 4
9040 5
9041 1
9042 1
9043 4
9044 5
9045 5
9046 1
9047 2
9048 2
9049 4
9050 5
9051 3
9052 3
9053 4
9054 1
9055 4
9056 2
9057 2
9058 1
9059 3
9060 4
9061 5
9062 2
9063 2
9064 2
9065 4
9066 4
9067 3
9068 1
9069 1
9070 4
9071 1
9072 4
9073 1
9074 1
9075 5
9076 5
9077 3
9078 1
9079 3
9080 4
9081 3
9082 3
9083 2
9084 3
9085 4
9086 5
9087 1
9088 5
9089 3
9090 3
9091 2
9092 3
9093 4
9094 2
9095 5
9096 2
9097 1
9098 3
9099 4
9100 2
9101 2
9102 4
9103 5
9104 1
9105 4
9106 3
9107 5
9108 3
9109 5
9110 3
9111 4
9112 5
9113 4
9114 4
9115 1
9116 5
9117 2
9118 1
9119 4
9120 4
9121 5
9122 1
9123 4
9124 2
9125 4
9126 2
9127 2
9128 1
9129 4
9130 3
9131 3
9132 4
9133 5
9134 5
9135 1
9136 2
9137 3
9138 1
9139 4
9140 3
9141 5
9142 4
9143 3
9144 1
9145 3
9146 4
9147 1
9148 1
9149 3
9150 4
9151 2
9152 1
9153 1
9154 1
9155 1
9156 2
9157 2
9158 3
9159 5
9160 2
9161 1
9162 1
9163 5
9164 1
9165 4
9166 5
9167 2
9168 2
9169 1
9170 5
9171 4
9172 5
9173 1
9174 3
9175 1
9176 5
9177 1
9178 4
9179 1
9180 4
9181 5
9182 5
9183 2
9184 3
9185 5
9186 2
9187 1
9188 5
9189 5
9190 2
9191 1
9192 5
9193 2
9194 2
9195 1
9196 3
9197 4
9198 5
9199 4
9200 2
9201 2
9202 4
9203 3
9204 3
9205 3
9206 4
9207 1
9208 5
9209 3
9210 2
9211 3
9212 1
9213 3
9214 4
9215 3
9216 3
9217 2
9218 2
9219 4
9220 5
9221 4
9222 3
9223 1
9224 3
9225 1
9226 4
9227 3
9228 5
9229 1
9230 4
9231 5
9232 4
9233 5
9234 2
9235 3
9236 5
9237 2
9238 2
9239 4
9240 2
9241 4
9242 4
9243 5
9244 4
9245 3
9246 3
9247 4
9248 2
9249 4
9250 2
9251 3
9252 5
9253 3
9254 3
9255 1
9256 3
9257 3
9258 4
9259 5
9260 1
9261 3
9262 4
9263 2
9264 3
9265 2
9266 5
9267 1
9268 2
9269 5
9270 3
9271 1
9272 1
9273 1
9274 5
9275 1
9276 1
9277 2
9278 1
9279 3
9280 1
9281 3
9282 5
9283 1
9284 1
9285 2
9286 3
9287 4
9288 2
9289 2
9290 5
9291 1
9292 2
9293 5
9294 2
9295 4
9296 3
9297 2
9298 1
9299 5
9300 3
9301 3
9302 3
9303 2
9304 2
9305 1
9306 3
9307 5
9308 4
9309 5
9310 1
9311 3
9312 5
9313 2
9314 1
9315 1
9316 5
9317 5
9318 5
9319 1
9320 2
9321 4
9322 5
9323 3
9324 2
9325 2
9326 5
9327 4
9328 2
9329 4
9330 1
9331 4
9332 4
9333 3
9334 2
9335 1
9336 2
9337 5
9338 4
9339 4
9340 4
9341 2
9342 4
9343 5
9344 2
9345 1
9346 2
9347 1
9348 5
9349 1
9350 1
9351 4
9352 5
9353 5
9354 2
9355 1
9356 4
9357 1
9358 3
9359 3
9360 1
9361 2
9362 3
9363 4
9364 3
9365 2
9366 4
9367 2
9368 4
9369 5
9370 1
9371 3
9372 3
9373 4
9374 3
9375 4
9376 5
9377 3
9378 2
9379 3
9380 4
9381 2
9382 1
9383 3
9384 1
9385 2
9386 5
9387 3
9388 2
9389 3
9390 5
9391 4
9392 3
9393 1
9394 3
9395 5
9396 4
9397 2
9398 4
9399 1
9400 1
9401 4
9402 5
9403 2
9404 5
9405 2
9406 1
9407 2
9408 2
9409 5
9410 3
9411 5
9412 4
9413 1
9414 1
9415 3
9416 1
9417 2
9418 4
9419 2
9420 2
9421 3
9422 1
9423 4
9424 1
9425 1
9426 1
9427 1
9428 5
9429 2
9430 3
9431 4
9432 5
9433 4
9434 3
9435 5
9436 3
9437 4
9438 5
9439 1
9440 5
9441 1
9442 5
9443 5
9444 1
9445 3
9446 4
9447 3
9448 4
9449 3
9450 5
9451 3
9452 5
9453 2
9454 3
9455 5
9456 5
9457 2
9458 2
9459 5
9460 5
9461 2
9462 3
9463 5
9464 5
9465 3
9466 2
9467 3
9468 4
9469 4
9470 1
9471 3
9472 1
9473 4
9474 2
9475 1
9476 1
9477 1
9478 3
9479 4
9480 5
9481 3
9482 5
9483 3
9484 4
9485 4
9486 2
9487 2
9488 5
9489 4
9490 2
9491 2
9492 5
9493 1
9494 4
9495 5
9496 1
9497 5
9498 2
9499 4
9500 5
9501 1
9502 3
9503 1
9504 1
9505 4
9506 5
9507 3
9508 2
9509 1
9510 1
9511 4
9512 2
9513 2
9514 1
9515 3
9516 2
9517 1
9518 5
9519 4
9520 2
9521 2
9522 2
9523 5
9524 2
9525 2
9526 4
9527 5
9528 3
9529 3
9530 2
9531 1
9532 4
9533 3
9534 1
9535 2
9536 5
9537 4
9538 1
9539 2
9540 3
9541 5
9542 4
9543 3
9544 4
9545 1
9546 1
9547 1
9548 4
9549 5
9550 2
9551 5
9552 1
9553 2
9554 5
9555 5
9556 2
9557 2
9558 3
9559 3
9560 5
9561 1
9562 3
9563 5
9564 4
9565 1
9566 4
9567 5
9568 3
9569 3
9570 1
9571 2
9572 4
9573 2
9574 2
9575 3
9576 5
9577 3
9578 5
9579 1
9580 1
9581 4
9582 1
9583 1
9584 1
9585 1
9586 1
9587 3
9588 5
9589 3
9590 3
9591 4
9592 3
9593 5
9594 2
9595 5
9596 4
9597 3
9598 4
9599 2
9600 1
9601 5
9602 2
9603 3
9604 4
9605 2
9606 5
9607 5
9608 5
9609 2
9610 1
9611 2
9612 4
9613 5
9614 3
9615 4
9616 2
9617 3
9618 5
9619 4
9620 1
9621 2
9622 3
9623 3
9624 2
9625 2
9626 3
9627 4
9628 1
9629 1
9630 3
9631 5
9632 1
9633 4
9634 5
9635 4
9636 4
9637 1
9638 4
9639 5
9640 1
9641 5
9642 2
9643 4
9644 4
9645 5
9646 5
9647 1
9648 3
9649 1
9650 4
9651 4
9652 1
9653 5
9654 4
9655 1
9656 3
9657 1
9658 2
9659 1
9660 2
9661 3
9662 1
9663 1
9664 2
9665 2
9666 5
9667 2
9668 1
9669 2
9670 4
9671 4
9672 1
9673 1
9674 1
9675 3
9676 1
9677 1
9678 5
9679 5
9680 5
9681 1
9682 3
9683 4
9684 3
9685 5
9686 5
9687 2
9688 4
9689 5
9690 1
9691 2
9692 2
9693 5
9694 3
9695 5
9696 5
9697 4
9698 3
9699 2
9700 1
9701 2
9702 1
9703 5
9704 5
9705 5
9706 5
9707 2
9708 1
9709 4
9710 5
9711 4
9712 1
9713 5
9714 4
9715 3
9716 1
9717 1
9718 2
9719 1
9720 4
9721 5
9722 5
9723 4
9724 3
9725 5
9726 3
9727 2
9728 3
9729 5
9730 1
9731 3
9732 4
9733 1
9734 5
9735 5
9736 4
9737 5
9738 2
9739 3
9740 1
9741 1
9742 2
9743 3
9744 3
9745 5
9746 5
9747 5
9748 1
9749 4
9750 3
9751 3
9752 4
9753 5
9754 5
9755 1
9756 4
9757 1
9758 4
9759 5
9760 4
9761 3
9762 5
9763 4
9764 4
9765 3
9766 3
9767 1
9768 5
9769 3
9770 3
9771 3
9772 4
9773 2
9774 4
9775 1
9776 5
9777 2
9778 5
9779 3
9780 4
9781 1
9782 2
9783 5
9784 2
9785 4
9786 4
9787 5
9788 4
9789 5
9790 2
9791 2
9792 2
9793 4
9794 3
9795 5
9796 5
9797 5
9798 3
9799 4
9800 2
9801 3
9802 3
9803 1
9804 1
9805 5
9806 3
9807 1
9808 2
9809 5
9810 3
9811 3
9812 4
9813 1
9814 2
9815 5
9816 4
9817 1
9818 1
9819 2
9820 4
9821 1
9822 5
9823 2
9824 1
9825 3
9826 4
9827 2
9828 5
9829 5
9830 3
9831 3
9832 3
9833 2
9834 1
9835 2
9836 4
9837 5
9838 2
9839 2
9840 2
9841 3
9842 3
9843 2
9844 4
9845 1
9846 2
9847 5
9848 2
9849 2
9850 5
9851 3
9852 1
9853 1
9854 2
9855 3
9856 5
9857 5
9858 1
9859 3
9860 5
9861 3
9862 4
9863 1
9864 3
9865 4
9866 3
9867 1
9868 4
9869 1
9870 4
9871 5
9872 3
9873 3
9874 2
9875 5
9876 4
9877 4
9878 5
9879 3
9880 1
9881 3
9882 3
9883 2
9884 5
9885 3
9886 1
9887 2
9888 1
9889 2
9890 1
9891 2
9892 4
9893 5
9894 3
9895 1
9896 4
9897 2
9898 2
9899 4
9900 4
9901 2
9902 5
9903 3
9904 4
9905 2
9906 2
9907 2
9908 1
9909 1
9910 1
9911 5
9912 1
9913 5
9914 5
9915 2
9916 3
9917 4
9918 1
9919 4
9920 1
9921 4
9922 2
9923 2
9924 1
9925 1
9926 1
9927 2
9928 2
9929 2
9930 4
9931 3
9932 5
9933 2
9934 3
9935 4
9936 5
9937 4
9938 3
9939 5
9940 5
9941 3
9942 4
9943 5
9944 5
9945 5
9946 4
9947 5
9948 1
9949 1
9950 3
9951 4
9952 1
9953 2
9954 2
9955 2
9956 1
9957 4
9958 4
9959 3
9960 1
9961 3
9962 1
9963 4
9964 2
9965 5
9966 4
9967 4
9968 4
9969 3
9970 1
9971 5
9972 4
9973 3
9974 3
9975 4
9976 2
9977 5
9978 3
9979 4
9980 5
9981 4
9982 1
9983 4
9984 2
9985 3
9986 3
9987 1
9988 2
9989 5
9990 2
9991 3
9992 1
9993 4
9994 3
9995 2
9996 4
9997 1
9998 3
9999 1
10000 2
