3
5
1 8 7 4 2 8 3
2 2 1 3 9 3 1
3 1 10 9 10 7 9
100
1 1
2 5
3 1
4 3
5 4
6 1
7 4
8 1
9 4
10 1
11 1
12 5
13 4
14 4
15 4
16 5
17 3
18 5
19 4
20 3
21 5
22 3
23 4
24 5
25 4
26 4
27 4
28 5
29 3
30 3
31 1
32 2
33 4
34 2
35 4
36 5
37 3
38 1
39 5
40 3
41 5
42 4
43 2
44 2
45 2
46 4
47 2
48 2
49 1
50 1
51 2
52 5
53 3
54 1
55 1
56 3
57 2
58 2
59 3
60 4
61 5
62 3
63 3
64 3
65 1
66 4
67 3
68 2
69 3
70 2
71 4
72 1
73 5
74 3
75 4
76 3
77 1
78 4
79 1
80 1
81 5
82 1
83 3
84 2
85 3
86 2
87 5
88 2
89 1
90 1
91 2
92 5
93 1
94 3
95 3
96 5
97 1
98 3
99 5
100 2
