3
5
1 29 3 4 1 8 9
2 19 10 7 4 9 4
3 26 9 3 1 6 4
10000
1 3
2 2
3 3
4 5
5 3
6 1
7 1
8 3
9 2
10 5
11 5
12 4
13 5
14 4
15 5
16 2
17 4
18 1
19 1
20 2
21 4
22 5
23 5
24 4
25 2
26 5
27 1
28 2
29 5
30 2
31 5
32 5
33 1
34 5
35 5
36 4
37 5
38 1
39 5
40 2
41 3
42 3
43 2
44 3
45 5
46 5
47 1
48 5
49 5
50 3
51 5
52 3
53 2
54 5
55 2
56 1
57 3
58 2
59 3
60 2
61 5
62 4
63 2
64 1
65 2
66 2
67 4
68 2
69 1
70 5
71 3
72 5
73 1
74 5
75 2
76 5
77 5
78 3
79 2
80 5
81 3
82 4
83 1
84 2
85 1
86 4
87 1
88 2
89 4
90 1
91 4
92 1
93 1
94 2
95 5
96 1
97 5
98 4
99 4
100 1
101 4
102 3
103 5
104 2
105 3
106 4
107 4
108 4
109 3
110 5
111 2
112 1
113 2
114 3
115 5
116 4
117 4
118 1
119 1
120 1
121 1
122 3
123 5
124 5
125 4
126 5
127 5
128 4
129 1
130 4
131 3
132 4
133 4
134 3
135 3
136 4
137 2
138 4
139 1
140 3
141 3
142 4
143 4
144 1
145 5
146 3
147 4
148 2
149 3
150 1
151 3
152 3
153 4
154 1
155 4
156 3
157 5
158 2
159 2
160 3
161 1
162 3
163 2
164 1
165 2
166 5
167 3
168 3
169 1
170 2
171 2
172 5
173 2
174 5
175 4
176 3
177 3
178 1
179 2
180 3
181 5
182 5
183 3
184 2
185 2
186 2
187 4
188 1
189 3
190 5
191 2
192 5
193 1
194 5
195 5
196 2
197 1
198 4
199 5
200 3
201 4
202 4
203 5
204 1
205 2
206 4
207 5
208 3
209 2
210 3
211 4
212 5
213 5
214 4
215 4
216 3
217 5
218 2
219 5
220 2
221 3
222 1
223 2
224 3
225 1
226 1
227 2
228 1
229 3
230 1
231 5
232 2
233 1
234 2
235 2
236 3
237 1
238 2
239 2
240 1
241 2
242 4
243 2
244 3
245 2
246 4
247 1
248 4
249 2
250 5
251 2
252 2
253 5
254 3
255 1
256 1
257 2
258 1
259 1
260 4
261 4
262 4
263 2
264 1
265 5
266 1
267 5
268 4
269 3
270 5
271 1
272 3
273 3
274 2
275 1
276 4
277 4
278 3
279 5
280 3
281 5
282 1
283 1
284 3
285 3
286 2
287 1
288 1
289 1
290 2
291 2
292 1
293 3
294 5
295 5
296 4
297 1
298 3
299 3
300 4
301 1
302 1
303 5
304 5
305 2
306 3
307 3
308 3
309 5
310 2
311 1
312 1
313 2
314 5
315 1
316 1
317 4
318 4
319 2
320 1
321 3
322 2
323 3
324 5
325 3
326 5
327 2
328 4
329 5
330 5
331 2
332 4
333 5
334 3
335 2
336 4
337 2
338 1
339 3
340 1
341 2
342 3
343 3
344 5
345 4
346 1
347 3
348 4
349 4
350 4
351 1
352 1
353 1
354 5
355 2
356 1
357 2
358 3
359 2
360 5
361 3
362 2
363 4
364 1
365 5
366 1
367 2
368 4
369 4
370 3
371 4
372 2
373 2
374 2
375 2
376 3
377 4
378 3
379 3
380 5
381 4
382 3
383 4
384 1
385 3
386 3
387 4
388 5
389 3
390 3
391 4
392 2
393 4
394 5
395 5
396 1
397 1
398 5
399 1
400 3
401 1
402 5
403 5
404 4
405 3
406 2
407 3
408 4
409 5
410 3
411 5
412 2
413 3
414 2
415 5
416 1
417 5
418 3
419 5
420 4
421 1
422 5
423 1
424 3
425 3
426 4
427 1
428 2
429 4
430 4
431 1
432 5
433 4
434 2
435 4
436 3
437 4
438 4
439 1
440 3
441 3
442 5
443 1
444 2
445 1
446 5
447 4
448 2
449 4
450 3
451 4
452 4
453 3
454 2
455 3
456 1
457 1
458 3
459 4
460 5
461 4
462 4
463 5
464 2
465 2
466 4
467 2
468 1
469 1
470 1
471 3
472 4
473 2
474 4
475 5
476 1
477 2
478 2
479 3
480 1
481 3
482 5
483 1
484 4
485 5
486 4
487 3
488 3
489 5
490 1
491 2
492 2
493 4
494 3
495 3
496 4
497 4
498 4
499 3
500 1
501 5
502 2
503 2
504 4
505 5
506 1
507 3
508 1
509 3
510 2
511 4
512 1
513 3
514 5
515 4
516 2
517 5
518 5
519 4
520 2
521 5
522 3
523 5
524 1
525 2
526 3
527 3
528 5
529 5
530 4
531 4
532 4
533 4
534 2
535 5
536 5
537 3
538 3
539 1
540 5
541 5
542 4
543 5
544 5
545 1
546 2
547 1
548 4
549 1
550 4
551 3
552 4
553 1
554 1
555 5
556 1
557 3
558 3
559 1
560 2
561 4
562 3
563 5
564 3
565 5
566 2
567 4
568 3
569 1
570 1
571 5
572 3
573 4
574 2
575 1
576 2
577 3
578 5
579 4
580 2
581 2
582 2
583 4
584 1
585 2
586 4
587 3
588 1
589 1
590 4
591 2
592 5
593 5
594 2
595 5
596 5
597 5
598 4
599 1
600 1
601 5
602 1
603 1
604 1
605 4
606 3
607 3
608 3
609 5
610 1
611 1
612 2
613 3
614 3
615 3
616 3
617 4
618 5
619 1
620 2
621 5
622 4
623 1
624 1
625 3
626 3
627 2
628 3
629 3
630 4
631 5
632 3
633 1
634 2
635 2
636 5
637 5
638 4
639 1
640 3
641 4
642 5
643 5
644 3
645 5
646 2
647 5
648 2
649 2
650 2
651 1
652 4
653 1
654 1
655 2
656 2
657 2
658 3
659 3
660 3
661 2
662 4
663 1
664 2
665 1
666 4
667 5
668 1
669 1
670 3
671 2
672 5
673 2
674 5
675 1
676 3
677 5
678 2
679 3
680 5
681 4
682 1
683 5
684 4
685 3
686 5
687 2
688 2
689 3
690 5
691 3
692 3
693 2
694 5
695 1
696 4
697 4
698 4
699 1
700 3
701 2
702 1
703 3
704 5
705 3
706 3
707 1
708 2
709 2
710 1
711 5
712 5
713 4
714 2
715 1
716 4
717 3
718 2
719 3
720 2
721 3
722 4
723 4
724 4
725 5
726 4
727 4
728 2
729 3
730 4
731 4
732 5
733 2
734 1
735 4
736 5
737 4
738 3
739 3
740 1
741 4
742 2
743 3
744 2
745 1
746 4
747 2
748 2
749 2
750 4
751 4
752 3
753 1
754 1
755 5
756 4
757 2
758 1
759 2
760 3
761 4
762 5
763 5
764 3
765 3
766 1
767 1
768 3
769 4
770 1
771 3
772 1
773 4
774 5
775 3
776 5
777 5
778 2
779 3
780 2
781 3
782 4
783 5
784 2
785 2
786 3
787 3
788 4
789 1
790 1
791 3
792 3
793 2
794 1
795 1
796 5
797 2
798 5
799 5
800 1
801 3
802 4
803 4
804 2
805 3
806 2
807 4
808 3
809 1
810 1
811 1
812 4
813 3
814 3
815 2
816 5
817 5
818 2
819 1
820 5
821 4
822 1
823 3
824 2
825 3
826 4
827 2
828 1
829 5
830 4
831 2
832 5
833 1
834 2
835 2
836 3
837 3
838 1
839 2
840 4
841 3
842 2
843 3
844 5
845 4
846 3
847 2
848 5
849 2
850 1
851 4
852 1
853 5
854 5
855 5
856 5
857 1
858 2
859 2
860 5
861 1
862 1
863 1
864 5
865 4
866 3
867 2
868 2
869 5
870 3
871 4
872 2
873 4
874 5
875 5
876 5
877 1
878 1
879 5
880 2
881 4
882 5
883 2
884 4
885 1
886 4
887 4
888 5
889 4
890 2
891 2
892 4
893 2
894 1
895 3
896 3
897 4
898 4
899 4
900 5
901 5
902 5
903 4
904 4
905 4
906 2
907 5
908 1
909 2
910 2
911 1
912 1
913 1
914 4
915 4
916 3
917 3
918 5
919 1
920 2
921 2
922 3
923 2
924 4
925 1
926 5
927 3
928 1
929 4
930 4
931 5
932 5
933 5
934 5
935 4
936 1
937 3
938 5
939 5
940 4
941 3
942 2
943 5
944 3
945 2
946 4
947 2
948 1
949 1
950 1
951 2
952 2
953 3
954 5
955 4
956 2
957 1
958 4
959 1
960 2
961 1
962 3
963 2
964 4
965 4
966 5
967 3
968 5
969 3
970 3
971 3
972 2
973 3
974 4
975 2
976 2
977 3
978 1
979 5
980 3
981 1
982 1
983 3
984 3
985 2
986 2
987 4
988 5
989 1
990 1
991 3
992 3
993 4
994 3
995 1
996 4
997 3
998 5
999 1
1000 3
1001 5
1002 4
1003 2
1004 3
1005 1
1006 2
1007 4
1008 3
1009 3
1010 5
1011 4
1012 4
1013 1
1014 5
1015 5
1016 3
1017 1
1018 2
1019 2
1020 1
1021 4
1022 4
1023 4
1024 2
1025 4
1026 3
1027 2
1028 5
1029 4
1030 1
1031 4
1032 4
1033 2
1034 1
1035 2
1036 3
1037 2
1038 1
1039 4
1040 5
1041 4
1042 4
1043 3
1044 1
1045 5
1046 2
1047 2
1048 1
1049 3
1050 5
1051 4
1052 3
1053 2
1054 2
1055 2
1056 1
1057 1
1058 5
1059 2
1060 5
1061 4
1062 1
1063 1
1064 2
1065 4
1066 4
1067 5
1068 2
1069 4
1070 3
1071 4
1072 1
1073 2
1074 2
1075 1
1076 3
1077 1
1078 2
1079 4
1080 5
1081 1
1082 2
1083 5
1084 2
1085 2
1086 5
1087 5
1088 2
1089 3
1090 5
1091 3
1092 1
1093 5
1094 1
1095 4
1096 3
1097 1
1098 4
1099 2
1100 5
1101 1
1102 4
1103 2
1104 5
1105 4
1106 5
1107 1
1108 2
1109 1
1110 5
1111 1
1112 4
1113 3
1114 2
1115 4
1116 1
1117 3
1118 4
1119 2
1120 3
1121 3
1122 4
1123 5
1124 1
1125 2
1126 2
1127 4
1128 5
1129 1
1130 4
1131 2
1132 1
1133 5
1134 2
1135 2
1136 2
1137 4
1138 5
1139 5
1140 5
1141 5
1142 5
1143 3
1144 1
1145 2
1146 3
1147 1
1148 1
1149 5
1150 5
1151 5
1152 5
1153 5
1154 3
1155 1
1156 2
1157 5
1158 1
1159 5
1160 1
1161 1
1162 4
1163 4
1164 5
1165 1
1166 1
1167 2
1168 5
1169 1
1170 4
1171 5
1172 1
1173 4
1174 5
1175 1
1176 4
1177 1
1178 3
1179 1
1180 3
1181 1
1182 1
1183 4
1184 1
1185 1
1186 2
1187 5
1188 1
1189 5
1190 4
1191 5
1192 3
1193 2
1194 3
1195 2
1196 3
1197 2
1198 5
1199 3
1200 4
1201 2
1202 5
1203 1
1204 1
1205 3
1206 5
1207 2
1208 4
1209 5
1210 4
1211 3
1212 4
1213 3
1214 3
1215 5
1216 1
1217 5
1218 4
1219 5
1220 4
1221 5
1222 3
1223 1
1224 5
1225 5
1226 5
1227 1
1228 1
1229 5
1230 1
1231 3
1232 1
1233 4
1234 3
1235 5
1236 5
1237 4
1238 5
1239 2
1240 3
1241 1
1242 5
1243 1
1244 1
1245 2
1246 1
1247 4
1248 5
1249 4
1250 1
1251 1
1252 5
1253 2
1254 1
1255 5
1256 2
1257 4
1258 4
1259 3
1260 2
1261 1
1262 2
1263 1
1264 5
1265 5
1266 2
1267 1
1268 1
1269 1
1270 2
1271 2
1272 3
1273 5
1274 3
1275 2
1276 4
1277 3
1278 5
1279 2
1280 1
1281 3
1282 1
1283 5
1284 2
1285 5
1286 2
1287 1
1288 2
1289 3
1290 2
1291 4
1292 3
1293 5
1294 4
1295 1
1296 3
1297 4
1298 4
1299 5
1300 1
1301 4
1302 1
1303 5
1304 1
1305 4
1306 4
1307 4
1308 5
1309 4
1310 4
1311 5
1312 5
1313 5
1314 5
1315 1
1316 2
1317 3
1318 2
1319 1
1320 5
1321 1
1322 1
1323 3
1324 5
1325 2
1326 2
1327 3
1328 2
1329 3
1330 1
1331 5
1332 1
1333 1
1334 3
1335 2
1336 2
1337 1
1338 1
1339 2
1340 3
1341 3
1342 2
1343 2
1344 4
1345 3
1346 4
1347 5
1348 5
1349 3
1350 3
1351 4
1352 2
1353 2
1354 1
1355 5
1356 1
1357 4
1358 3
1359 5
1360 1
1361 5
1362 2
1363 2
1364 3
1365 1
1366 5
1367 5
1368 2
1369 5
1370 2
1371 2
1372 4
1373 4
1374 3
1375 2
1376 2
1377 2
1378 5
1379 1
1380 2
1381 2
1382 5
1383 2
1384 2
1385 2
1386 4
1387 4
1388 5
1389 3
1390 5
1391 1
1392 3
1393 4
1394 3
1395 2
1396 1
1397 4
1398 2
1399 1
1400 3
1401 3
1402 2
1403 3
1404 5
1405 5
1406 4
1407 1
1408 4
1409 4
1410 4
1411 4
1412 2
1413 4
1414 2
1415 4
1416 2
1417 1
1418 4
1419 3
1420 2
1421 1
1422 3
1423 5
1424 2
1425 4
1426 1
1427 4
1428 5
1429 5
1430 3
1431 3
1432 1
1433 3
1434 2
1435 3
1436 1
1437 5
1438 2
1439 1
1440 1
1441 5
1442 5
1443 4
1444 1
1445 2
1446 5
1447 5
1448 1
1449 2
1450 5
1451 5
1452 3
1453 2
1454 4
1455 5
1456 3
1457 5
1458 4
1459 2
1460 5
1461 5
1462 1
1463 5
1464 2
1465 1
1466 4
1467 1
1468 4
1469 5
1470 3
1471 2
1472 5
1473 2
1474 1
1475 4
1476 4
1477 3
1478 2
1479 3
1480 4
1481 3
1482 2
1483 1
1484 1
1485 4
1486 4
1487 4
1488 4
1489 1
1490 4
1491 3
1492 3
1493 2
1494 1
1495 3
1496 1
1497 1
1498 2
1499 4
1500 2
1501 5
1502 3
1503 3
1504 2
1505 1
1506 4
1507 4
1508 4
1509 2
1510 3
1511 2
1512 1
1513 3
1514 4
1515 3
1516 3
1517 1
1518 5
1519 3
1520 3
1521 2
1522 3
1523 4
1524 3
1525 2
1526 4
1527 3
1528 5
1529 1
1530 5
1531 4
1532 3
1533 3
1534 2
1535 4
1536 1
1537 2
1538 3
1539 5
1540 3
1541 2
1542 2
1543 2
1544 4
1545 3
1546 5
1547 4
1548 3
1549 5
1550 2
1551 3
1552 5
1553 4
1554 5
1555 5
1556 1
1557 1
1558 5
1559 1
1560 2
1561 3
1562 5
1563 1
1564 1
1565 5
1566 2
1567 1
1568 4
1569 4
1570 3
1571 2
1572 4
1573 5
1574 5
1575 2
1576 3
1577 3
1578 4
1579 2
1580 3
1581 3
1582 4
1583 5
1584 3
1585 1
1586 1
1587 2
1588 3
1589 5
1590 5
1591 5
1592 3
1593 2
1594 3
1595 3
1596 3
1597 2
1598 1
1599 1
1600 3
1601 1
1602 2
1603 1
1604 3
1605 1
1606 2
1607 4
1608 3
1609 2
1610 4
1611 5
1612 4
1613 5
1614 4
1615 5
1616 5
1617 1
1618 3
1619 2
1620 4
1621 5
1622 5
1623 1
1624 1
1625 3
1626 3
1627 1
1628 3
1629 5
1630 3
1631 1
1632 3
1633 1
1634 1
1635 4
1636 4
1637 4
1638 3
1639 2
1640 3
1641 4
1642 4
1643 5
1644 3
1645 4
1646 5
1647 2
1648 3
1649 4
1650 3
1651 5
1652 4
1653 4
1654 3
1655 4
1656 1
1657 3
1658 4
1659 3
1660 2
1661 1
1662 4
1663 1
1664 3
1665 4
1666 1
1667 1
1668 5
1669 2
1670 4
1671 2
1672 4
1673 5
1674 3
1675 4
1676 5
1677 1
1678 3
1679 1
1680 4
1681 3
1682 4
1683 4
1684 3
1685 4
1686 5
1687 5
1688 4
1689 5
1690 1
1691 4
1692 5
1693 1
1694 3
1695 5
1696 2
1697 2
1698 1
1699 3
1700 4
1701 1
1702 1
1703 5
1704 3
1705 4
1706 2
1707 3
1708 2
1709 2
1710 2
1711 5
1712 2
1713 4
1714 1
1715 2
1716 5
1717 4
1718 3
1719 1
1720 5
1721 2
1722 3
1723 4
1724 4
1725 4
1726 4
1727 4
1728 2
1729 4
1730 3
1731 5
1732 5
1733 4
1734 4
1735 3
1736 2
1737 1
1738 3
1739 4
1740 1
1741 1
1742 5
1743 1
1744 5
1745 4
1746 2
1747 4
1748 4
1749 2
1750 4
1751 3
1752 4
1753 5
1754 3
1755 5
1756 3
1757 5
1758 3
1759 2
1760 1
1761 1
1762 4
1763 4
1764 5
1765 2
1766 2
1767 2
1768 3
1769 2
1770 5
1771 4
1772 4
1773 1
1774 3
1775 5
1776 1
1777 3
1778 2
1779 1
1780 4
1781 4
1782 1
1783 3
1784 1
1785 3
1786 4
1787 4
1788 1
1789 4
1790 1
1791 1
1792 2
1793 1
1794 5
1795 3
1796 4
1797 4
1798 1
1799 4
1800 1
1801 5
1802 4
1803 1
1804 1
1805 2
1806 5
1807 4
1808 3
1809 2
1810 4
1811 5
1812 2
1813 1
1814 5
1815 5
1816 2
1817 1
1818 4
1819 4
1820 5
1821 4
1822 1
1823 1
1824 3
1825 1
1826 5
1827 5
1828 4
1829 1
1830 2
1831 2
1832 3
1833 1
1834 3
1835 1
1836 3
1837 4
1838 2
1839 2
1840 4
1841 4
1842 5
1843 4
1844 2
1845 2
1846 2
1847 4
1848 4
1849 4
1850 1
1851 2
1852 5
1853 4
1854 4
1855 2
1856 5
1857 5
1858 1
1859 1
1860 5
1861 5
1862 1
1863 1
1864 1
1865 1
1866 5
1867 2
1868 2
1869 2
1870 3
1871 3
1872 5
1873 1
1874 2
1875 2
1876 1
1877 2
1878 5
1879 1
1880 5
1881 4
1882 2
1883 2
1884 5
1885 3
1886 4
1887 2
1888 1
1889 2
1890 2
1891 5
1892 1
1893 1
1894 1
1895 3
1896 4
1897 2
1898 1
1899 3
1900 2
1901 5
1902 1
1903 2
1904 3
1905 5
1906 5
1907 2
1908 1
1909 2
1910 2
1911 3
1912 1
1913 3
1914 5
1915 2
1916 2
1917 5
1918 2
1919 2
1920 3
1921 5
1922 5
1923 3
1924 4
1925 5
1926 5
1927 3
1928 1
1929 4
1930 3
1931 2
1932 4
1933 5
1934 3
1935 5
1936 2
1937 2
1938 3
1939 2
1940 3
1941 3
1942 2
1943 3
1944 5
1945 4
1946 4
1947 4
1948 1
1949 4
1950 1
1951 1
1952 3
1953 5
1954 5
1955 3
1956 3
1957 4
1958 2
1959 4
1960 4
1961 1
1962 4
1963 1
1964 5
1965 1
1966 1
1967 3
1968 3
1969 2
1970 4
1971 2
1972 1
1973 1
1974 2
1975 3
1976 5
1977 3
1978 1
1979 4
1980 4
1981 3
1982 5
1983 5
1984 4
1985 2
1986 1
1987 5
1988 1
1989 1
1990 5
1991 3
1992 1
1993 2
1994 1
1995 3
1996 2
1997 5
1998 4
1999 3
2000 5
2001 4
2002 1
2003 4
2004 4
2005 3
2006 4
2007 2
2008 2
2009 3
2010 3
2011 4
2012 2
2013 1
2014 2
2015 4
2016 3
2017 5
2018 3
2019 1
2020 3
2021 5
2022 2
2023 3
2024 1
2025 3
2026 2
2027 3
2028 1
2029 2
2030 4
2031 1
2032 3
2033 1
2034 3
2035 2
2036 2
2037 4
2038 4
2039 5
2040 2
2041 3
2042 3
2043 1
2044 3
2045 2
2046 3
2047 2
2048 2
2049 3
2050 3
2051 5
2052 2
2053 2
2054 4
2055 5
2056 5
2057 4
2058 5
2059 4
2060 5
2061 3
2062 3
2063 4
2064 5
2065 5
2066 5
2067 4
2068 3
2069 5
2070 1
2071 3
2072 1
2073 5
2074 5
2075 2
2076 5
2077 2
2078 5
2079 4
2080 1
2081 5
2082 5
2083 1
2084 2
2085 4
2086 2
2087 1
2088 2
2089 1
2090 3
2091 1
2092 3
2093 1
2094 2
2095 1
2096 4
2097 5
2098 2
2099 2
2100 3
2101 3
2102 1
2103 3
2104 3
2105 2
2106 5
2107 2
2108 5
2109 5
2110 5
2111 5
2112 3
2113 1
2114 1
2115 3
2116 1
2117 2
2118 3
2119 4
2120 2
2121 5
2122 4
2123 2
2124 2
2125 3
2126 5
2127 5
2128 4
2129 2
2130 3
2131 4
2132 1
2133 4
2134 1
2135 2
2136 2
2137 1
2138 2
2139 1
2140 2
2141 5
2142 5
2143 2
2144 5
2145 3
2146 3
2147 4
2148 3
2149 3
2150 5
2151 2
2152 5
2153 2
2154 2
2155 2
2156 1
2157 3
2158 4
2159 1
2160 1
2161 1
2162 2
2163 3
2164 2
2165 4
2166 5
2167 1
2168 4
2169 4
2170 2
2171 3
2172 1
2173 4
2174 3
2175 3
2176 4
2177 4
2178 4
2179 2
2180 2
2181 1
2182 4
2183 4
2184 4
2185 1
2186 3
2187 1
2188 2
2189 4
2190 1
2191 2
2192 1
2193 3
2194 2
2195 4
2196 3
2197 4
2198 3
2199 4
2200 5
2201 1
2202 5
2203 5
2204 5
2205 2
2206 1
2207 2
2208 4
2209 2
2210 5
2211 4
2212 3
2213 5
2214 3
2215 2
2216 3
2217 4
2218 4
2219 5
2220 3
2221 2
2222 5
2223 5
2224 4
2225 2
2226 3
2227 2
2228 4
2229 1
2230 2
2231 3
2232 3
2233 2
2234 5
2235 5
2236 4
2237 4
2238 1
2239 5
2240 4
2241 1
2242 5
2243 3
2244 3
2245 3
2246 5
2247 1
2248 2
2249 1
2250 5
2251 2
2252 3
2253 1
2254 5
2255 1
2256 4
2257 5
2258 4
2259 4
2260 3
2261 4
2262 3
2263 1
2264 1
2265 4
2266 4
2267 2
2268 1
2269 4
2270 5
2271 2
2272 1
2273 3
2274 1
2275 1
2276 1
2277 4
2278 1
2279 3
2280 3
2281 4
2282 4
2283 1
2284 5
2285 1
2286 2
2287 1
2288 1
2289 1
2290 4
2291 1
2292 2
2293 2
2294 4
2295 4
2296 4
2297 1
2298 2
2299 2
2300 3
2301 5
2302 5
2303 4
2304 4
2305 3
2306 3
2307 5
2308 1
2309 4
2310 1
2311 4
2312 1
2313 5
2314 5
2315 4
2316 1
2317 1
2318 4
2319 1
2320 1
2321 2
2322 2
2323 1
2324 4
2325 1
2326 2
2327 2
2328 1
2329 3
2330 5
2331 4
2332 1
2333 4
2334 1
2335 5
2336 2
2337 4
2338 3
2339 2
2340 2
2341 1
2342 1
2343 3
2344 2
2345 5
2346 4
2347 2
2348 4
2349 3
2350 1
2351 2
2352 3
2353 1
2354 3
2355 5
2356 2
2357 1
2358 2
2359 4
2360 2
2361 2
2362 5
2363 4
2364 1
2365 2
2366 4
2367 2
2368 4
2369 2
2370 3
2371 5
2372 2
2373 3
2374 2
2375 5
2376 3
2377 4
2378 2
2379 3
2380 4
2381 2
2382 3
2383 1
2384 3
2385 3
2386 1
2387 5
2388 2
2389 1
2390 3
2391 4
2392 2
2393 5
2394 5
2395 3
2396 4
2397 5
2398 5
2399 2
2400 3
2401 4
2402 4
2403 1
2404 5
2405 3
2406 2
2407 4
2408 5
2409 4
2410 2
2411 1
2412 3
2413 4
2414 4
2415 4
2416 2
2417 5
2418 1
2419 1
2420 5
2421 4
2422 3
2423 1
2424 3
2425 3
2426 2
2427 1
2428 3
2429 2
2430 4
2431 1
2432 2
2433 2
2434 3
2435 5
2436 5
2437 2
2438 2
2439 3
2440 2
2441 1
2442 2
2443 5
2444 3
2445 4
2446 2
2447 1
2448 4
2449 3
2450 5
2451 2
2452 1
2453 4
2454 2
2455 2
2456 5
2457 3
2458 1
2459 4
2460 4
2461 2
2462 2
2463 3
2464 1
2465 4
2466 4
2467 4
2468 5
2469 3
2470 5
2471 2
2472 3
2473 4
2474 1
2475 2
2476 5
2477 3
2478 5
2479 4
2480 3
2481 4
2482 2
2483 1
2484 2
2485 2
2486 3
2487 5
2488 4
2489 5
2490 3
2491 4
2492 3
2493 5
2494 3
2495 5
2496 5
2497 5
2498 2
2499 3
2500 4
2501 1
2502 1
2503 3
2504 2
2505 2
2506 1
2507 5
2508 5
2509 3
2510 3
2511 3
2512 1
2513 4
2514 4
2515 4
2516 3
2517 5
2518 5
2519 3
2520 1
2521 3
2522 1
2523 2
2524 5
2525 4
2526 2
2527 1
2528 3
2529 2
2530 4
2531 1
2532 4
2533 5
2534 5
2535 5
2536 2
2537 5
2538 5
2539 5
2540 2
2541 3
2542 5
2543 5
2544 4
2545 2
2546 3
2547 3
2548 4
2549 1
2550 5
2551 3
2552 4
2553 5
2554 5
2555 1
2556 1
2557 1
2558 2
2559 1
2560 3
2561 3
2562 4
2563 3
2564 4
2565 4
2566 2
2567 1
2568 1
2569 2
2570 2
2571 5
2572 5
2573 1
2574 5
2575 4
2576 3
2577 1
2578 5
2579 2
2580 4
2581 3
2582 1
2583 4
2584 5
2585 3
2586 2
2587 3
2588 3
2589 1
2590 2
2591 4
2592 2
2593 5
2594 2
2595 4
2596 2
2597 4
2598 4
2599 3
2600 2
2601 2
2602 2
2603 4
2604 4
2605 1
2606 5
2607 2
2608 2
2609 1
2610 1
2611 5
2612 5
2613 4
2614 4
2615 5
2616 1
2617 5
2618 1
2619 5
2620 5
2621 4
2622 1
2623 1
2624 5
2625 1
2626 3
2627 5
2628 2
2629 1
2630 4
2631 2
2632 3
2633 1
2634 5
2635 1
2636 5
2637 1
2638 3
2639 5
2640 4
2641 5
2642 2
2643 2
2644 5
2645 5
2646 4
2647 5
2648 3
2649 3
2650 5
2651 2
2652 4
2653 3
2654 4
2655 3
2656 4
2657 3
2658 4
2659 1
2660 3
2661 2
2662 3
2663 4
2664 3
2665 4
2666 5
2667 2
2668 1
2669 1
2670 1
2671 2
2672 4
2673 3
2674 1
2675 4
2676 4
2677 4
2678 1
2679 2
2680 4
2681 4
2682 2
2683 4
2684 2
2685 1
2686 4
2687 2
2688 4
2689 5
2690 1
2691 3
2692 3
2693 1
2694 5
2695 1
2696 4
2697 2
2698 3
2699 2
2700 4
2701 5
2702 1
2703 2
2704 5
2705 1
2706 2
2707 2
2708 3
2709 1
2710 4
2711 4
2712 4
2713 3
2714 4
2715 3
2716 1
2717 5
2718 5
2719 5
2720 3
2721 2
2722 3
2723 2
2724 5
2725 4
2726 5
2727 3
2728 4
2729 2
2730 2
2731 4
2732 1
2733 4
2734 2
2735 2
2736 5
2737 3
2738 2
2739 5
2740 1
2741 5
2742 5
2743 4
2744 5
2745 4
2746 5
2747 5
2748 2
2749 2
2750 2
2751 4
2752 3
2753 5
2754 5
2755 5
2756 5
2757 2
2758 4
2759 2
2760 4
2761 1
2762 2
2763 3
2764 2
2765 5
2766 4
2767 3
2768 2
2769 3
2770 3
2771 4
2772 3
2773 1
2774 3
2775 4
2776 3
2777 3
2778 2
2779 4
2780 1
2781 5
2782 1
2783 5
2784 5
2785 2
2786 1
2787 1
2788 3
2789 2
2790 4
2791 3
2792 5
2793 3
2794 5
2795 1
2796 3
2797 2
2798 5
2799 2
2800 5
2801 4
2802 2
2803 4
2804 2
2805 5
2806 3
2807 1
2808 5
2809 5
2810 3
2811 5
2812 3
2813 3
2814 3
2815 3
2816 3
2817 1
2818 5
2819 1
2820 1
2821 1
2822 5
2823 3
2824 1
2825 4
2826 4
2827 4
2828 1
2829 4
2830 3
2831 1
2832 4
2833 4
2834 5
2835 4
2836 1
2837 1
2838 5
2839 3
2840 1
2841 5
2842 1
2843 3
2844 3
2845 4
2846 5
2847 3
2848 2
2849 2
2850 5
2851 5
2852 4
2853 2
2854 5
2855 4
2856 3
2857 2
2858 4
2859 4
2860 4
2861 3
2862 3
2863 2
2864 5
2865 3
2866 4
2867 1
2868 1
2869 3
2870 2
2871 2
2872 3
2873 2
2874 4
2875 2
2876 1
2877 5
2878 1
2879 1
2880 3
2881 1
2882 2
2883 4
2884 3
2885 1
2886 4
2887 5
2888 4
2889 5
2890 2
2891 5
2892 1
2893 5
2894 2
2895 1
2896 4
2897 5
2898 5
2899 3
2900 2
2901 2
2902 2
2903 2
2904 5
2905 4
2906 4
2907 4
2908 4
2909 1
2910 4
2911 1
2912 2
2913 4
2914 4
2915 5
2916 5
2917 2
2918 1
2919 1
2920 5
2921 1
2922 5
2923 2
2924 4
2925 2
2926 3
2927 4
2928 3
2929 2
2930 1
2931 3
2932 1
2933 2
2934 3
2935 2
2936 1
2937 4
2938 2
2939 3
2940 3
2941 3
2942 5
2943 5
2944 3
2945 3
2946 5
2947 5
2948 2
2949 3
2950 1
2951 1
2952 4
2953 1
2954 3
2955 1
2956 4
2957 5
2958 5
2959 5
2960 2
2961 4
2962 5
2963 4
2964 5
2965 5
2966 5
2967 3
2968 3
2969 3
2970 2
2971 2
2972 5
2973 1
2974 2
2975 4
2976 2
2977 1
2978 2
2979 5
2980 4
2981 2
2982 4
2983 3
2984 1
2985 5
2986 4
2987 1
2988 5
2989 1
2990 1
2991 1
2992 4
2993 4
2994 1
2995 2
2996 2
2997 2
2998 5
2999 5
3000 3
3001 2
3002 3
3003 5
3004 4
3005 5
3006 2
3007 4
3008 5
3009 5
3010 2
3011 3
3012 3
3013 1
3014 1
3015 5
3016 2
3017 1
3018 1
3019 3
3020 4
3021 3
3022 3
3023 2
3024 1
3025 1
3026 4
3027 4
3028 3
3029 4
3030 4
3031 2
3032 4
3033 5
3034 3
3035 1
3036 3
3037 1
3038 4
3039 2
3040 4
3041 4
3042 5
3043 5
3044 2
3045 4
3046 5
3047 3
3048 2
3049 1
3050 1
3051 3
3052 5
3053 2
3054 4
3055 4
3056 2
3057 2
3058 5
3059 2
3060 1
3061 1
3062 1
3063 4
3064 4
3065 3
3066 3
3067 2
3068 3
3069 4
3070 5
3071 4
3072 2
3073 3
3074 3
3075 4
3076 4
3077 1
3078 5
3079 5
3080 5
3081 4
3082 4
3083 1
3084 3
3085 4
3086 5
3087 5
3088 4
3089 3
3090 3
3091 4
3092 2
3093 3
3094 3
3095 3
3096 1
3097 3
3098 5
3099 5
3100 2
3101 5
3102 3
3103 4
3104 2
3105 1
3106 3
3107 1
3108 5
3109 2
3110 4
3111 4
3112 5
3113 3
3114 2
3115 4
3116 4
3117 3
3118 3
3119 2
3120 5
3121 4
3122 3
3123 3
3124 4
3125 2
3126 5
3127 3
3128 5
3129 4
3130 1
3131 4
3132 5
3133 2
3134 2
3135 5
3136 5
3137 4
3138 2
3139 3
3140 3
3141 5
3142 5
3143 2
3144 1
3145 3
3146 1
3147 5
3148 3
3149 4
3150 5
3151 1
3152 5
3153 3
3154 1
3155 2
3156 3
3157 5
3158 1
3159 3
3160 4
3161 4
3162 1
3163 2
3164 2
3165 5
3166 1
3167 2
3168 3
3169 1
3170 3
3171 3
3172 5
3173 1
3174 1
3175 1
3176 2
3177 2
3178 4
3179 1
3180 5
3181 4
3182 5
3183 1
3184 2
3185 1
3186 5
3187 3
3188 4
3189 4
3190 1
3191 5
3192 3
3193 4
3194 1
3195 3
3196 3
3197 4
3198 5
3199 1
3200 2
3201 2
3202 4
3203 5
3204 2
3205 5
3206 4
3207 5
3208 5
3209 1
3210 1
3211 3
3212 3
3213 2
3214 4
3215 2
3216 4
3217 2
3218 5
3219 4
3220 2
3221 3
3222 5
3223 5
3224 4
3225 1
3226 2
3227 1
3228 5
3229 4
3230 5
3231 3
3232 1
3233 2
3234 3
3235 5
3236 2
3237 3
3238 5
3239 3
3240 1
3241 5
3242 2
3243 5
3244 3
3245 5
3246 3
3247 4
3248 5
3249 3
3250 4
3251 2
3252 4
3253 1
3254 1
3255 3
3256 2
3257 1
3258 4
3259 4
3260 2
3261 1
3262 3
3263 2
3264 1
3265 2
3266 1
3267 2
3268 1
3269 5
3270 4
3271 3
3272 3
3273 2
3274 2
3275 1
3276 2
3277 4
3278 5
3279 4
3280 4
3281 4
3282 5
3283 3
3284 4
3285 1
3286 3
3287 4
3288 1
3289 4
3290 2
3291 3
3292 1
3293 5
3294 3
3295 3
3296 3
3297 5
3298 4
3299 2
3300 5
3301 4
3302 5
3303 1
3304 2
3305 5
3306 5
3307 4
3308 4
3309 5
3310 4
3311 3
3312 4
3313 3
3314 1
3315 3
3316 5
3317 3
3318 2
3319 5
3320 5
3321 2
3322 3
3323 2
3324 2
3325 5
3326 3
3327 4
3328 4
3329 4
3330 1
3331 2
3332 1
3333 1
3334 4
3335 1
3336 3
3337 1
3338 5
3339 4
3340 1
3341 3
3342 2
3343 4
3344 5
3345 3
3346 3
3347 1
3348 1
3349 5
3350 2
3351 3
3352 1
3353 5
3354 3
3355 3
3356 3
3357 1
3358 1
3359 2
3360 5
3361 3
3362 3
3363 1
3364 3
3365 5
3366 1
3367 5
3368 4
3369 5
3370 3
3371 2
3372 5
3373 2
3374 5
3375 4
3376 4
3377 1
3378 4
3379 3
3380 5
3381 5
3382 2
3383 2
3384 4
3385 5
3386 2
3387 5
3388 4
3389 2
3390 2
3391 2
3392 4
3393 5
3394 4
3395 5
3396 4
3397 3
3398 3
3399 5
3400 3
3401 3
3402 4
3403 5
3404 3
3405 3
3406 2
3407 3
3408 4
3409 4
3410 3
3411 4
3412 1
3413 5
3414 4
3415 1
3416 2
3417 1
3418 4
3419 2
3420 1
3421 4
3422 3
3423 4
3424 1
3425 3
3426 5
3427 1
3428 2
3429 5
3430 4
3431 3
3432 3
3433 4
3434 2
3435 5
3436 5
3437 4
3438 1
3439 1
3440 2
3441 4
3442 5
3443 5
3444 5
3445 2
3446 4
3447 5
3448 3
3449 4
3450 5
3451 3
3452 3
3453 4
3454 5
3455 4
3456 4
3457 3
3458 4
3459 1
3460 1
3461 3
3462 4
3463 5
3464 1
3465 2
3466 2
3467 4
3468 1
3469 2
3470 3
3471 4
3472 3
3473 4
3474 3
3475 5
3476 1
3477 1
3478 1
3479 2
3480 4
3481 1
3482 2
3483 1
3484 1
3485 3
3486 2
3487 5
3488 2
3489 5
3490 4
3491 3
3492 1
3493 1
3494 2
3495 5
3496 4
3497 2
3498 5
3499 4
3500 2
3501 5
3502 3
3503 4
3504 1
3505 4
3506 1
3507 1
3508 3
3509 2
3510 3
3511 2
3512 3
3513 4
3514 5
3515 2
3516 2
3517 1
3518 5
3519 3
3520 1
3521 4
3522 2
3523 2
3524 4
3525 3
3526 3
3527 2
3528 1
3529 3
3530 2
3531 4
3532 4
3533 2
3534 1
3535 2
3536 2
3537 4
3538 4
3539 4
3540 3
3541 4
3542 4
3543 3
3544 1
3545 3
3546 3
3547 4
3548 3
3549 5
3550 1
3551 2
3552 3
3553 3
3554 4
3555 1
3556 1
3557 1
3558 3
3559 3
3560 5
3561 4
3562 5
3563 2
3564 1
3565 2
3566 3
3567 1
3568 3
3569 4
3570 5
3571 1
3572 1
3573 2
3574 1
3575 4
3576 4
3577 2
3578 1
3579 2
3580 5
3581 2
3582 5
3583 5
3584 2
3585 1
3586 1
3587 5
3588 2
3589 3
3590 5
3591 5
3592 2
3593 5
3594 2
3595 2
3596 3
3597 2
3598 2
3599 3
3600 5
3601 2
3602 2
3603 3
3604 4
3605 4
3606 2
3607 3
3608 1
3609 5
3610 5
3611 1
3612 1
3613 1
3614 3
3615 5
3616 4
3617 1
3618 5
3619 4
3620 5
3621 4
3622 2
3623 4
3624 2
3625 3
3626 1
3627 3
3628 3
3629 4
3630 3
3631 3
3632 2
3633 3
3634 4
3635 2
3636 5
3637 4
3638 3
3639 3
3640 2
3641 5
3642 1
3643 2
3644 3
3645 4
3646 2
3647 2
3648 4
3649 4
3650 5
3651 3
3652 3
3653 2
3654 4
3655 3
3656 1
3657 2
3658 4
3659 3
3660 1
3661 4
3662 3
3663 1
3664 4
3665 4
3666 1
3667 1
3668 5
3669 1
3670 2
3671 2
3672 1
3673 1
3674 2
3675 5
3676 2
3677 2
3678 5
3679 3
3680 3
3681 2
3682 5
3683 4
3684 3
3685 5
3686 4
3687 4
3688 2
3689 3
3690 2
3691 1
3692 2
3693 5
3694 3
3695 2
3696 1
3697 5
3698 5
3699 5
3700 5
3701 3
3702 4
3703 1
3704 5
3705 2
3706 5
3707 2
3708 2
3709 3
3710 1
3711 4
3712 3
3713 2
3714 4
3715 3
3716 1
3717 5
3718 2
3719 5
3720 5
3721 4
3722 3
3723 4
3724 3
3725 4
3726 1
3727 3
3728 2
3729 3
3730 5
3731 4
3732 1
3733 1
3734 5
3735 2
3736 5
3737 3
3738 5
3739 2
3740 3
3741 2
3742 1
3743 2
3744 2
3745 4
3746 2
3747 5
3748 5
3749 2
3750 4
3751 5
3752 5
3753 5
3754 1
3755 5
3756 2
3757 2
3758 5
3759 3
3760 3
3761 2
3762 2
3763 2
3764 4
3765 2
3766 2
3767 2
3768 1
3769 5
3770 1
3771 4
3772 2
3773 5
3774 4
3775 1
3776 4
3777 4
3778 5
3779 3
3780 4
3781 4
3782 2
3783 2
3784 5
3785 4
3786 1
3787 4
3788 5
3789 5
3790 2
3791 4
3792 1
3793 3
3794 4
3795 5
3796 4
3797 1
3798 5
3799 2
3800 5
3801 3
3802 3
3803 2
3804 1
3805 4
3806 2
3807 2
3808 3
3809 3
3810 1
3811 2
3812 5
3813 3
3814 5
3815 4
3816 1
3817 2
3818 2
3819 3
3820 1
3821 5
3822 3
3823 3
3824 3
3825 2
3826 4
3827 5
3828 5
3829 5
3830 4
3831 1
3832 4
3833 4
3834 3
3835 5
3836 4
3837 1
3838 4
3839 2
3840 1
3841 3
3842 2
3843 1
3844 3
3845 4
3846 2
3847 5
3848 2
3849 2
3850 1
3851 2
3852 1
3853 3
3854 2
3855 4
3856 4
3857 4
3858 1
3859 5
3860 4
3861 3
3862 1
3863 2
3864 4
3865 4
3866 2
3867 5
3868 3
3869 3
3870 1
3871 4
3872 1
3873 3
3874 2
3875 4
3876 4
3877 4
3878 3
3879 3
3880 4
3881 3
3882 1
3883 4
3884 5
3885 5
3886 1
3887 4
3888 5
3889 2
3890 5
3891 3
3892 5
3893 3
3894 3
3895 1
3896 4
3897 2
3898 2
3899 2
3900 3
3901 5
3902 1
3903 2
3904 4
3905 1
3906 3
3907 5
3908 3
3909 4
3910 1
3911 5
3912 3
3913 2
3914 5
3915 1
3916 2
3917 1
3918 1
3919 2
3920 1
3921 3
3922 5
3923 3
3924 5
3925 4
3926 3
3927 5
3928 2
3929 3
3930 5
3931 2
3932 2
3933 1
3934 4
3935 1
3936 5
3937 5
3938 1
3939 3
3940 4
3941 3
3942 1
3943 4
3944 5
3945 4
3946 4
3947 3
3948 4
3949 2
3950 1
3951 1
3952 4
3953 4
3954 4
3955 4
3956 1
3957 2
3958 3
3959 4
3960 2
3961 4
3962 2
3963 1
3964 3
3965 1
3966 2
3967 5
3968 5
3969 5
3970 4
3971 5
3972 4
3973 3
3974 5
3975 5
3976 2
3977 1
3978 4
3979 4
3980 2
3981 4
3982 1
3983 3
3984 4
3985 2
3986 4
3987 2
3988 1
3989 5
3990 5
3991 1
3992 1
3993 5
3994 5
3995 3
3996 4
3997 3
3998 2
3999 4
4000 4
4001 3
4002 4
4003 3
4004 5
4005 3
4006 1
4007 1
4008 3
4009 4
4010 5
4011 3
4012 5
4013 4
4014 2
4015 1
4016 4
4017 4
4018 1
4019 2
4020 5
4021 5
4022 1
4023 5
4024 4
4025 3
4026 2
4027 2
4028 5
4029 2
4030 5
4031 5
4032 1
4033 1
4034 3
4035 3
4036 3
4037 5
4038 3
4039 5
4040 5
4041 4
4042 5
4043 3
4044 2
4045 1
4046 4
4047 1
4048 5
4049 2
4050 1
4051 4
4052 2
4053 5
4054 3
4055 5
4056 1
4057 5
4058 2
4059 5
4060 1
4061 3
4062 2
4063 3
4064 5
4065 5
4066 3
4067 2
4068 4
4069 5
4070 1
4071 4
4072 3
4073 3
4074 1
4075 1
4076 1
4077 3
4078 2
4079 2
4080 1
4081 4
4082 5
4083 4
4084 2
4085 2
4086 2
4087 5
4088 3
4089 2
4090 4
4091 4
4092 5
4093 1
4094 4
4095 3
4096 4
4097 1
4098 1
4099 2
4100 3
4101 3
4102 5
4103 5
4104 1
4105 2
4106 5
4107 4
4108 1
4109 2
4110 3
4111 1
4112 2
4113 3
4114 5
4115 2
4116 4
4117 5
4118 1
4119 2
4120 5
4121 4
4122 5
4123 2
4124 4
4125 1
4126 2
4127 3
4128 1
4129 3
4130 4
4131 2
4132 1
4133 3
4134 4
4135 1
4136 3
4137 4
4138 2
4139 4
4140 3
4141 1
4142 4
4143 2
4144 4
4145 1
4146 2
4147 4
4148 2
4149 5
4150 4
4151 3
4152 2
4153 3
4154 1
4155 1
4156 2
4157 4
4158 2
4159 5
4160 1
4161 3
4162 3
4163 4
4164 5
4165 1
4166 2
4167 2
4168 3
4169 3
4170 5
4171 1
4172 1
4173 5
4174 1
4175 3
4176 3
4177 4
4178 4
4179 3
4180 1
4181 5
4182 3
4183 5
4184 2
4185 5
4186 1
4187 1
4188 2
4189 2
4190 5
4191 2
4192 4
4193 4
4194 3
4195 4
4196 1
4197 1
4198 3
4199 2
4200 5
4201 5
4202 4
4203 5
4204 2
4205 2
4206 2
4207 4
4208 5
4209 5
4210 2
4211 1
4212 3
4213 5
4214 3
4215 4
4216 3
4217 5
4218 1
4219 1
4220 3
4221 3
4222 1
4223 5
4224 3
4225 3
4226 5
4227 2
4228 3
4229 2
4230 1
4231 4
4232 3
4233 2
4234 3
4235 5
4236 5
4237 1
4238 3
4239 3
4240 3
4241 2
4242 1
4243 5
4244 4
4245 5
4246 2
4247 3
4248 2
4249 2
4250 4
4251 1
4252 4
4253 4
4254 4
4255 5
4256 5
4257 2
4258 3
4259 2
4260 2
4261 3
4262 2
4263 4
4264 1
4265 1
4266 4
4267 2
4268 3
4269 5
4270 1
4271 1
4272 5
4273 5
4274 5
4275 3
4276 1
4277 1
4278 5
4279 2
4280 2
4281 1
4282 3
4283 4
4284 4
4285 1
4286 5
4287 5
4288 4
4289 1
4290 1
4291 1
4292 1
4293 4
4294 4
4295 2
4296 5
4297 3
4298 4
4299 1
4300 1
4301 2
4302 3
4303 2
4304 3
4305 5
4306 1
4307 3
4308 2
4309 4
4310 1
4311 5
4312 5
4313 1
4314 3
4315 4
4316 5
4317 4
4318 1
4319 3
4320 2
4321 1
4322 1
4323 2
4324 3
4325 5
4326 1
4327 4
4328 3
4329 3
4330 3
4331 5
4332 2
4333 3
4334 4
4335 2
4336 5
4337 4
4338 2
4339 4
4340 4
4341 5
4342 5
4343 3
4344 1
4345 3
4346 2
4347 1
4348 5
4349 4
4350 5
4351 1
4352 5
4353 4
4354 4
4355 5
4356 5
4357 1
4358 2
4359 4
4360 5
4361 4
4362 2
4363 5
4364 4
4365 1
4366 5
4367 1
4368 5
4369 4
4370 4
4371 2
4372 4
4373 5
4374 3
4375 2
4376 3
4377 1
4378 3
4379 3
4380 5
4381 2
4382 5
4383 4
4384 1
4385 1
4386 2
4387 1
4388 4
4389 1
4390 4
4391 1
4392 4
4393 5
4394 2
4395 1
4396 5
4397 5
4398 4
4399 3
4400 2
4401 3
4402 2
4403 2
4404 4
4405 1
4406 2
4407 4
4408 4
4409 2
4410 1
4411 1
4412 2
4413 3
4414 3
4415 1
4416 2
4417 1
4418 5
4419 5
4420 3
4421 2
4422 1
4423 2
4424 2
4425 5
4426 1
4427 5
4428 1
4429 2
4430 2
4431 4
4432 5
4433 4
4434 2
4435 1
4436 5
4437 2
4438 3
4439 2
4440 2
4441 4
4442 1
4443 1
4444 3
4445 3
4446 5
4447 5
4448 3
4449 5
4450 1
4451 2
4452 4
4453 3
4454 1
4455 5
4456 5
4457 4
4458 5
4459 3
4460 4
4461 3
4462 5
4463 2
4464 4
4465 4
4466 5
4467 2
4468 1
4469 5
4470 4
4471 2
4472 2
4473 1
4474 1
4475 1
4476 1
4477 4
4478 2
4479 4
4480 4
4481 2
4482 4
4483 4
4484 4
4485 5
4486 5
4487 5
4488 3
4489 2
4490 3
4491 4
4492 1
4493 2
4494 2
4495 5
4496 3
4497 3
4498 4
4499 2
4500 3
4501 1
4502 4
4503 4
4504 1
4505 1
4506 3
4507 2
4508 1
4509 1
4510 4
4511 2
4512 4
4513 5
4514 3
4515 4
4516 2
4517 2
4518 5
4519 3
4520 3
4521 2
4522 4
4523 1
4524 4
4525 3
4526 5
4527 4
4528 1
4529 2
4530 3
4531 5
4532 5
4533 3
4534 1
4535 1
4536 2
4537 2
4538 2
4539 2
4540 1
4541 2
4542 2
4543 3
4544 5
4545 5
4546 1
4547 3
4548 1
4549 3
4550 2
4551 5
4552 1
4553 2
4554 4
4555 3
4556 5
4557 1
4558 1
4559 3
4560 5
4561 2
4562 1
4563 5
4564 2
4565 5
4566 2
4567 1
4568 1
4569 4
4570 1
4571 4
4572 4
4573 3
4574 3
4575 5
4576 3
4577 2
4578 3
4579 2
4580 1
4581 4
4582 5
4583 5
4584 5
4585 4
4586 2
4587 4
4588 3
4589 3
4590 1
4591 3
4592 3
4593 3
4594 4
4595 1
4596 1
4597 5
4598 2
4599 2
4600 5
4601 4
4602 1
4603 1
4604 3
4605 5
4606 4
4607 2
4608 3
4609 3
4610 4
4611 2
4612 3
4613 1
4614 5
4615 5
4616 5
4617 1
4618 2
4619 2
4620 3
4621 1
4622 4
4623 3
4624 2
4625 3
4626 3
4627 2
4628 4
4629 3
4630 2
4631 5
4632 5
4633 5
4634 1
4635 4
4636 2
4637 5
4638 3
4639 2
4640 4
4641 1
4642 5
4643 1
4644 2
4645 5
4646 2
4647 2
4648 2
4649 1
4650 2
4651 1
4652 5
4653 1
4654 2
4655 1
4656 1
4657 2
4658 4
4659 4
4660 1
4661 2
4662 5
4663 3
4664 4
4665 1
4666 5
4667 1
4668 2
4669 3
4670 3
4671 1
4672 2
4673 2
4674 3
4675 4
4676 2
4677 3
4678 5
4679 2
4680 4
4681 4
4682 2
4683 3
4684 2
4685 1
4686 4
4687 5
4688 4
4689 3
4690 5
4691 5
4692 5
4693 5
4694 5
4695 1
4696 2
4697 2
4698 3
4699 5
4700 3
4701 5
4702 2
4703 3
4704 4
4705 2
4706 2
4707 4
4708 3
4709 2
4710 1
4711 3
4712 5
4713 5
4714 2
4715 5
4716 1
4717 3
4718 1
4719 4
4720 5
4721 3
4722 4
4723 3
4724 3
4725 3
4726 5
4727 1
4728 3
4729 4
4730 1
4731 5
4732 2
4733 3
4734 3
4735 1
4736 3
4737 2
4738 3
4739 4
4740 5
4741 2
4742 2
4743 2
4744 1
4745 1
4746 2
4747 1
4748 4
4749 5
4750 1
4751 1
4752 1
4753 3
4754 1
4755 5
4756 1
4757 4
4758 3
4759 2
4760 3
4761 5
4762 1
4763 5
4764 2
4765 4
4766 2
4767 3
4768 1
4769 1
4770 3
4771 1
4772 5
4773 5
4774 4
4775 3
4776 5
4777 3
4778 5
4779 5
4780 3
4781 4
4782 3
4783 1
4784 1
4785 5
4786 5
4787 3
4788 5
4789 4
4790 2
4791 5
4792 5
4793 5
4794 1
4795 2
4796 1
4797 3
4798 1
4799 5
4800 2
4801 4
4802 1
4803 2
4804 3
4805 4
4806 4
4807 2
4808 3
4809 3
4810 3
4811 3
4812 1
4813 5
4814 3
4815 4
4816 5
4817 1
4818 5
4819 1
4820 5
4821 4
4822 5
4823 2
4824 2
4825 3
4826 2
4827 2
4828 4
4829 4
4830 2
4831 5
4832 5
4833 1
4834 2
4835 5
4836 1
4837 2
4838 4
4839 3
4840 4
4841 5
4842 4
4843 5
4844 2
4845 3
4846 3
4847 4
4848 5
4849 2
4850 1
4851 5
4852 4
4853 2
4854 3
4855 2
4856 1
4857 3
4858 5
4859 4
4860 3
4861 4
4862 2
4863 5
4864 3
4865 2
4866 4
4867 3
4868 2
4869 1
4870 1
4871 2
4872 3
4873 4
4874 5
4875 1
4876 4
4877 2
4878 5
4879 5
4880 3
4881 5
4882 3
4883 2
4884 1
4885 2
4886 1
4887 1
4888 4
4889 5
4890 4
4891 5
4892 3
4893 3
4894 3
4895 4
4896 5
4897 3
4898 3
4899 5
4900 3
4901 1
4902 1
4903 3
4904 3
4905 4
4906 5
4907 2
4908 2
4909 3
4910 1
4911 3
4912 5
4913 4
4914 3
4915 2
4916 1
4917 3
4918 5
4919 4
4920 1
4921 4
4922 1
4923 4
4924 4
4925 3
4926 5
4927 2
4928 1
4929 4
4930 2
4931 1
4932 1
4933 5
4934 3
4935 3
4936 1
4937 4
4938 1
4939 3
4940 5
4941 3
4942 1
4943 5
4944 1
4945 5
4946 3
4947 1
4948 5
4949 3
4950 2
4951 3
4952 5
4953 5
4954 4
4955 1
4956 3
4957 5
4958 1
4959 5
4960 1
4961 3
4962 4
4963 1
4964 4
4965 4
4966 4
4967 2
4968 3
4969 5
4970 1
4971 3
4972 3
4973 3
4974 3
4975 2
4976 3
4977 3
4978 4
4979 5
4980 2
4981 4
4982 5
4983 5
4984 1
4985 2
4986 1
4987 2
4988 4
4989 2
4990 1
4991 4
4992 2
4993 1
4994 3
4995 5
4996 5
4997 1
4998 1
4999 1
5000 5
5001 2
5002 4
5003 3
5004 4
5005 2
5006 5
5007 2
5008 1
5009 3
5010 1
5011 3
5012 1
5013 1
5014 1
5015 4
5016 4
5017 2
5018 3
5019 3
5020 1
5021 2
5022 4
5023 3
5024 1
5025 3
5026 2
5027 2
5028 2
5029 3
5030 4
5031 4
5032 3
5033 4
5034 5
5035 2
5036 1
5037 3
5038 3
5039 2
5040 1
5041 4
5042 2
5043 2
5044 1
5045 1
5046 1
5047 5
5048 4
5049 2
5050 3
5051 3
5052 2
5053 2
5054 3
5055 1
5056 2
5057 4
5058 2
5059 2
5060 1
5061 1
5062 3
5063 4
5064 2
5065 4
5066 4
5067 2
5068 4
5069 1
5070 2
5071 1
5072 2
5073 5
5074 4
5075 1
5076 3
5077 1
5078 5
5079 1
5080 4
5081 4
5082 5
5083 5
5084 2
5085 1
5086 4
5087 5
5088 1
5089 4
5090 2
5091 4
5092 2
5093 5
5094 3
5095 1
5096 4
5097 3
5098 2
5099 1
5100 3
5101 4
5102 3
5103 1
5104 1
5105 2
5106 3
5107 2
5108 4
5109 4
5110 3
5111 2
5112 2
5113 2
5114 1
5115 3
5116 1
5117 1
5118 3
5119 5
5120 5
5121 4
5122 1
5123 1
5124 3
5125 2
5126 1
5127 3
5128 3
5129 4
5130 4
5131 2
5132 2
5133 5
5134 1
5135 4
5136 3
5137 2
5138 2
5139 1
5140 2
5141 3
5142 3
5143 4
5144 5
5145 4
5146 4
5147 5
5148 2
5149 3
5150 5
5151 5
5152 2
5153 1
5154 3
5155 2
5156 2
5157 2
5158 3
5159 1
5160 1
5161 5
5162 2
5163 1
5164 2
5165 3
5166 4
5167 1
5168 3
5169 5
5170 1
5171 4
5172 3
5173 2
5174 4
5175 5
5176 5
5177 1
5178 1
5179 1
5180 2
5181 5
5182 1
5183 1
5184 5
5185 4
5186 1
5187 1
5188 2
5189 1
5190 5
5191 2
5192 3
5193 3
5194 3
5195 2
5196 5
5197 5
5198 5
5199 1
5200 2
5201 4
5202 3
5203 4
5204 2
5205 5
5206 5
5207 5
5208 2
5209 1
5210 3
5211 1
5212 5
5213 3
5214 2
5215 3
5216 5
5217 1
5218 1
5219 5
5220 1
5221 1
5222 1
5223 5
5224 1
5225 4
5226 1
5227 4
5228 5
5229 4
5230 4
5231 3
5232 2
5233 2
5234 1
5235 5
5236 5
5237 1
5238 5
5239 4
5240 2
5241 1
5242 5
5243 5
5244 1
5245 2
5246 5
5247 3
5248 1
5249 2
5250 2
5251 3
5252 2
5253 4
5254 1
5255 2
5256 4
5257 2
5258 3
5259 4
5260 3
5261 1
5262 1
5263 2
5264 2
5265 5
5266 4
5267 3
5268 3
5269 1
5270 5
5271 4
5272 3
5273 3
5274 3
5275 2
5276 1
5277 2
5278 4
5279 2
5280 1
5281 1
5282 2
5283 5
5284 2
5285 4
5286 3
5287 3
5288 2
5289 4
5290 1
5291 3
5292 5
5293 4
5294 4
5295 2
5296 3
5297 2
5298 4
5299 5
5300 5
5301 5
5302 5
5303 5
5304 1
5305 3
5306 5
5307 4
5308 4
5309 2
5310 5
5311 2
5312 5
5313 3
5314 2
5315 5
5316 1
5317 1
5318 2
5319 1
5320 1
5321 5
5322 2
5323 4
5324 2
5325 5
5326 3
5327 3
5328 5
5329 1
5330 1
5331 2
5332 5
5333 5
5334 4
5335 2
5336 3
5337 3
5338 4
5339 1
5340 3
5341 4
5342 3
5343 1
5344 4
5345 5
5346 2
5347 5
5348 4
5349 3
5350 5
5351 2
5352 4
5353 5
5354 5
5355 4
5356 2
5357 5
5358 3
5359 3
5360 3
5361 5
5362 3
5363 2
5364 5
5365 2
5366 3
5367 2
5368 3
5369 5
5370 3
5371 4
5372 2
5373 3
5374 4
5375 5
5376 3
5377 1
5378 5
5379 5
5380 3
5381 5
5382 4
5383 4
5384 4
5385 5
5386 4
5387 5
5388 5
5389 3
5390 3
5391 2
5392 4
5393 2
5394 5
5395 4
5396 1
5397 3
5398 5
5399 4
5400 2
5401 1
5402 5
5403 1
5404 2
5405 2
5406 1
5407 1
5408 5
5409 4
5410 3
5411 1
5412 2
5413 4
5414 4
5415 5
5416 4
5417 2
5418 3
5419 3
5420 1
5421 2
5422 2
5423 5
5424 3
5425 4
5426 3
5427 3
5428 4
5429 4
5430 3
5431 2
5432 4
5433 3
5434 3
5435 4
5436 4
5437 5
5438 1
5439 4
5440 2
5441 4
5442 2
5443 5
5444 4
5445 3
5446 4
5447 2
5448 1
5449 4
5450 2
5451 2
5452 2
5453 1
5454 4
5455 1
5456 2
5457 5
5458 2
5459 3
5460 3
5461 5
5462 3
5463 1
5464 4
5465 5
5466 3
5467 1
5468 4
5469 1
5470 3
5471 3
5472 3
5473 5
5474 4
5475 4
5476 3
5477 4
5478 5
5479 3
5480 1
5481 3
5482 2
5483 5
5484 1
5485 5
5486 3
5487 1
5488 1
5489 3
5490 2
5491 2
5492 2
5493 2
5494 3
5495 2
5496 3
5497 2
5498 2
5499 2
5500 4
5501 4
5502 2
5503 1
5504 3
5505 4
5506 3
5507 2
5508 1
5509 1
5510 3
5511 2
5512 1
5513 2
5514 2
5515 4
5516 1
5517 2
5518 4
5519 4
5520 3
5521 1
5522 2
5523 1
5524 1
5525 5
5526 1
5527 5
5528 2
5529 3
5530 5
5531 2
5532 3
5533 1
5534 5
5535 1
5536 3
5537 5
5538 2
5539 3
5540 3
5541 5
5542 5
5543 3
5544 5
5545 4
5546 4
5547 2
5548 5
5549 2
5550 1
5551 2
5552 5
5553 4
5554 1
5555 4
5556 1
5557 3
5558 3
5559 3
5560 1
5561 2
5562 1
5563 1
5564 5
5565 4
5566 5
5567 3
5568 3
5569 4
5570 3
5571 1
5572 3
5573 4
5574 5
5575 2
5576 2
5577 3
5578 1
5579 5
5580 3
5581 2
5582 4
5583 2
5584 4
5585 1
5586 4
5587 2
5588 5
5589 4
5590 3
5591 5
5592 3
5593 2
5594 4
5595 1
5596 1
5597 4
5598 1
5599 2
5600 1
5601 2
5602 3
5603 3
5604 4
5605 5
5606 5
5607 4
5608 5
5609 2
5610 5
5611 5
5612 3
5613 4
5614 3
5615 1
5616 3
5617 4
5618 5
5619 2
5620 3
5621 4
5622 1
5623 3
5624 4
5625 5
5626 4
5627 5
5628 1
5629 2
5630 5
5631 4
5632 4
5633 3
5634 2
5635 1
5636 2
5637 2
5638 2
5639 4
5640 3
5641 1
5642 2
5643 1
5644 1
5645 2
5646 2
5647 2
5648 3
5649 5
5650 2
5651 2
5652 4
5653 5
5654 2
5655 5
5656 3
5657 5
5658 2
5659 4
5660 2
5661 3
5662 5
5663 5
5664 2
5665 1
5666 2
5667 1
5668 4
5669 2
5670 5
5671 4
5672 2
5673 5
5674 5
5675 3
5676 1
5677 1
5678 5
5679 3
5680 1
5681 2
5682 3
5683 1
5684 3
5685 2
5686 4
5687 5
5688 5
5689 3
5690 4
5691 3
5692 4
5693 1
5694 3
5695 5
5696 4
5697 4
5698 4
5699 3
5700 4
5701 4
5702 1
5703 3
5704 1
5705 5
5706 1
5707 2
5708 3
5709 3
5710 4
5711 1
5712 3
5713 1
5714 3
5715 4
5716 1
5717 1
5718 4
5719 3
5720 4
5721 2
5722 2
5723 3
5724 5
5725 5
5726 1
5727 2
5728 5
5729 1
5730 2
5731 4
5732 2
5733 5
5734 2
5735 3
5736 4
5737 2
5738 2
5739 5
5740 5
5741 3
5742 2
5743 1
5744 4
5745 1
5746 1
5747 3
5748 2
5749 1
5750 2
5751 2
5752 2
5753 1
5754 3
5755 2
5756 1
5757 3
5758 2
5759 1
5760 1
5761 4
5762 2
5763 3
5764 4
5765 3
5766 2
5767 1
5768 3
5769 1
5770 4
5771 3
5772 2
5773 1
5774 2
5775 1
5776 1
5777 5
5778 4
5779 1
5780 3
5781 3
5782 4
5783 2
5784 1
5785 1
5786 2
5787 4
5788 2
5789 3
5790 2
5791 1
5792 3
5793 4
5794 1
5795 4
5796 2
5797 2
5798 5
5799 3
5800 1
5801 3
5802 1
5803 5
5804 2
5805 4
5806 1
5807 3
5808 3
5809 2
5810 4
5811 1
5812 5
5813 4
5814 2
5815 2
5816 5
5817 1
5818 2
5819 4
5820 4
5821 2
5822 3
5823 2
5824 4
5825 5
5826 1
5827 1
5828 5
5829 1
5830 2
5831 4
5832 5
5833 4
5834 5
5835 5
5836 5
5837 1
5838 4
5839 5
5840 4
5841 3
5842 5
5843 3
5844 5
5845 1
5846 4
5847 4
5848 3
5849 5
5850 1
5851 1
5852 4
5853 3
5854 4
5855 3
5856 2
5857 4
5858 5
5859 4
5860 5
5861 3
5862 3
5863 5
5864 1
5865 1
5866 3
5867 4
5868 4
5869 4
5870 4
5871 5
5872 4
5873 4
5874 2
5875 3
5876 3
5877 5
5878 3
5879 5
5880 3
5881 1
5882 3
5883 1
5884 1
5885 2
5886 4
5887 4
5888 5
5889 1
5890 2
5891 4
5892 4
5893 2
5894 5
5895 5
5896 2
5897 1
5898 1
5899 4
5900 2
5901 1
5902 1
5903 2
5904 5
5905 3
5906 4
5907 1
5908 4
5909 2
5910 4
5911 2
5912 1
5913 3
5914 4
5915 3
5916 2
5917 5
5918 5
5919 5
5920 5
5921 3
5922 2
5923 2
5924 5
5925 4
5926 5
5927 2
5928 4
5929 4
5930 3
5931 3
5932 5
5933 4
5934 4
5935 1
5936 1
5937 5
5938 4
5939 4
5940 2
5941 2
5942 5
5943 1
5944 2
5945 3
5946 5
5947 4
5948 4
5949 3
5950 5
5951 4
5952 5
5953 1
5954 1
5955 1
5956 5
5957 1
5958 4
5959 3
5960 4
5961 4
5962 2
5963 5
5964 1
5965 4
5966 4
5967 2
5968 2
5969 1
5970 3
5971 3
5972 5
5973 2
5974 2
5975 5
5976 4
5977 3
5978 3
5979 5
5980 3
5981 3
5982 3
5983 4
5984 2
5985 4
5986 1
5987 3
5988 5
5989 4
5990 4
5991 5
5992 3
5993 5
5994 5
5995 3
5996 5
5997 1
5998 2
5999 3
6000 1
6001 1
6002 2
6003 1
6004 1
6005 2
6006 4
6007 5
6008 3
6009 4
6010 4
6011 3
6012 5
6013 3
6014 5
6015 4
6016 5
6017 2
6018 4
6019 1
6020 2
6021 4
6022 1
6023 2
6024 3
6025 5
6026 5
6027 5
6028 1
6029 5
6030 3
6031 4
6032 5
6033 2
6034 1
6035 2
6036 4
6037 2
6038 1
6039 5
6040 5
6041 4
6042 4
6043 1
6044 2
6045 5
6046 1
6047 3
6048 5
6049 4
6050 5
6051 4
6052 1
6053 2
6054 3
6055 5
6056 1
6057 4
6058 4
6059 2
6060 5
6061 2
6062 4
6063 2
6064 3
6065 4
6066 5
6067 3
6068 4
6069 3
6070 3
6071 1
6072 1
6073 2
6074 4
6075 1
6076 2
6077 5
6078 2
6079 4
6080 1
6081 3
6082 1
6083 3
6084 1
6085 1
6086 3
6087 5
6088 5
6089 1
6090 5
6091 1
6092 5
6093 3
6094 1
6095 2
6096 4
6097 1
6098 4
6099 2
6100 3
6101 1
6102 2
6103 2
6104 3
6105 3
6106 3
6107 2
6108 5
6109 2
6110 5
6111 3
6112 5
6113 2
6114 5
6115 5
6116 2
6117 3
6118 4
6119 2
6120 2
6121 3
6122 1
6123 2
6124 1
6125 1
6126 2
6127 3
6128 4
6129 3
6130 1
6131 2
6132 4
6133 4
6134 4
6135 1
6136 1
6137 2
6138 2
6139 4
6140 3
6141 2
6142 3
6143 5
6144 5
6145 1
6146 4
6147 2
6148 1
6149 4
6150 5
6151 4
6152 4
6153 4
6154 5
6155 5
6156 2
6157 2
6158 2
6159 5
6160 5
6161 1
6162 1
6163 1
6164 5
6165 4
6166 3
6167 2
6168 1
6169 2
6170 5
6171 4
6172 1
6173 3
6174 4
6175 4
6176 4
6177 2
6178 5
6179 5
6180 3
6181 5
6182 1
6183 5
6184 4
6185 5
6186 5
6187 5
6188 3
6189 4
6190 4
6191 2
6192 4
6193 3
6194 4
6195 4
6196 4
6197 5
6198 4
6199 3
6200 5
6201 3
6202 3
6203 3
6204 5
6205 5
6206 5
6207 5
6208 5
6209 5
6210 3
6211 2
6212 2
6213 2
6214 3
6215 5
6216 2
6217 4
6218 3
6219 1
6220 1
6221 2
6222 5
6223 1
6224 4
6225 5
6226 1
6227 3
6228 3
6229 2
6230 4
6231 4
6232 2
6233 2
6234 5
6235 4
6236 5
6237 1
6238 4
6239 3
6240 1
6241 3
6242 1
6243 5
6244 2
6245 3
6246 5
6247 3
6248 2
6249 1
6250 5
6251 2
6252 2
6253 2
6254 1
6255 2
6256 1
6257 5
6258 4
6259 2
6260 3
6261 1
6262 1
6263 3
6264 5
6265 2
6266 3
6267 4
6268 3
6269 1
6270 3
6271 3
6272 3
6273 5
6274 3
6275 5
6276 5
6277 1
6278 1
6279 4
6280 5
6281 2
6282 3
6283 4
6284 4
6285 1
6286 5
6287 5
6288 2
6289 1
6290 2
6291 1
6292 1
6293 3
6294 5
6295 3
6296 5
6297 4
6298 1
6299 2
6300 2
6301 3
6302 1
6303 3
6304 3
6305 4
6306 5
6307 1
6308 1
6309 4
6310 3
6311 5
6312 1
6313 2
6314 3
6315 5
6316 1
6317 2
6318 5
6319 2
6320 2
6321 5
6322 3
6323 5
6324 5
6325 5
6326 2
6327 4
6328 1
6329 5
6330 3
6331 5
6332 1
6333 3
6334 3
6335 1
6336 4
6337 5
6338 5
6339 3
6340 5
6341 4
6342 4
6343 4
6344 5
6345 4
6346 2
6347 4
6348 1
6349 1
6350 4
6351 4
6352 4
6353 5
6354 2
6355 1
6356 5
6357 1
6358 1
6359 1
6360 3
6361 1
6362 2
6363 2
6364 3
6365 5
6366 5
6367 3
6368 3
6369 5
6370 5
6371 1
6372 2
6373 4
6374 5
6375 2
6376 2
6377 2
6378 5
6379 3
6380 3
6381 3
6382 1
6383 2
6384 1
6385 4
6386 2
6387 1
6388 1
6389 2
6390 2
6391 4
6392 2
6393 3
6394 4
6395 2
6396 3
6397 2
6398 3
6399 3
6400 5
6401 1
6402 2
6403 1
6404 3
6405 5
6406 5
6407 2
6408 4
6409 1
6410 2
6411 4
6412 5
6413 1
6414 2
6415 5
6416 1
6417 4
6418 2
6419 3
6420 5
6421 4
6422 1
6423 2
6424 3
6425 4
6426 4
6427 3
6428 5
6429 5
6430 4
6431 1
6432 5
6433 5
6434 5
6435 2
6436 3
6437 5
6438 2
6439 5
6440 1
6441 5
6442 1
6443 4
6444 4
6445 2
6446 5
6447 2
6448 4
6449 4
6450 5
6451 1
6452 4
6453 4
6454 2
6455 3
6456 5
6457 1
6458 3
6459 2
6460 2
6461 3
6462 5
6463 4
6464 1
6465 1
6466 5
6467 3
6468 5
6469 2
6470 5
6471 4
6472 5
6473 5
6474 1
6475 1
6476 4
6477 2
6478 3
6479 2
6480 3
6481 3
6482 2
6483 2
6484 4
6485 1
6486 2
6487 2
6488 3
6489 3
6490 1
6491 2
6492 5
6493 1
6494 3
6495 3
6496 3
6497 2
6498 1
6499 4
6500 5
6501 4
6502 3
6503 3
6504 5
6505 3
6506 2
6507 2
6508 2
6509 1
6510 3
6511 4
6512 4
6513 5
6514 4
6515 1
6516 1
6517 3
6518 5
6519 2
6520 5
6521 4
6522 4
6523 3
6524 1
6525 5
6526 5
6527 2
6528 4
6529 2
6530 2
6531 3
6532 4
6533 1
6534 1
6535 2
6536 5
6537 1
6538 3
6539 5
6540 3
6541 2
6542 3
6543 5
6544 1
6545 4
6546 2
6547 3
6548 2
6549 5
6550 4
6551 1
6552 5
6553 2
6554 1
6555 5
6556 2
6557 5
6558 1
6559 5
6560 5
6561 5
6562 3
6563 1
6564 5
6565 1
6566 4
6567 5
6568 2
6569 3
6570 2
6571 1
6572 3
6573 5
6574 2
6575 2
6576 3
6577 4
6578 3
6579 4
6580 2
6581 2
6582 2
6583 5
6584 5
6585 1
6586 5
6587 3
6588 2
6589 2
6590 4
6591 3
6592 5
6593 3
6594 5
6595 4
6596 1
6597 5
6598 5
6599 5
6600 3
6601 3
6602 1
6603 1
6604 3
6605 4
6606 1
6607 4
6608 2
6609 4
6610 5
6611 3
6612 1
6613 2
6614 3
6615 2
6616 4
6617 1
6618 4
6619 5
6620 4
6621 1
6622 3
6623 4
6624 2
6625 2
6626 3
6627 1
6628 5
6629 3
6630 5
6631 2
6632 1
6633 2
6634 5
6635 3
6636 3
6637 2
6638 1
6639 4
6640 1
6641 5
6642 4
6643 2
6644 2
6645 1
6646 2
6647 4
6648 4
6649 4
6650 3
6651 3
6652 1
6653 5
6654 5
6655 4
6656 2
6657 2
6658 3
6659 3
6660 5
6661 4
6662 5
6663 2
6664 4
6665 1
6666 2
6667 5
6668 2
6669 2
6670 4
6671 5
6672 4
6673 5
6674 3
6675 4
6676 5
6677 4
6678 1
6679 3
6680 1
6681 5
6682 5
6683 2
6684 5
6685 1
6686 1
6687 4
6688 5
6689 4
6690 3
6691 2
6692 3
6693 3
6694 1
6695 2
6696 4
6697 5
6698 5
6699 2
6700 5
6701 3
6702 2
6703 1
6704 4
6705 1
6706 5
6707 1
6708 2
6709 3
6710 3
6711 2
6712 2
6713 3
6714 2
6715 4
6716 4
6717 2
6718 2
6719 5
6720 3
6721 2
6722 1
6723 5
6724 3
6725 3
6726 5
6727 4
6728 4
6729 1
6730 1
6731 1
6732 1
6733 1
6734 2
6735 2
6736 5
6737 3
6738 1
6739 1
6740 3
6741 1
6742 2
6743 1
6744 5
6745 3
6746 4
6747 5
6748 5
6749 5
6750 2
6751 2
6752 3
6753 5
6754 5
6755 2
6756 1
6757 4
6758 4
6759 5
6760 2
6761 1
6762 2
6763 1
6764 4
6765 4
6766 3
6767 4
6768 2
6769 5
6770 3
6771 2
6772 1
6773 3
6774 2
6775 2
6776 5
6777 1
6778 2
6779 3
6780 4
6781 3
6782 3
6783 4
6784 4
6785 4
6786 4
6787 2
6788 2
6789 2
6790 4
6791 2
6792 3
6793 2
6794 1
6795 2
6796 4
6797 2
6798 3
6799 1
6800 4
6801 2
6802 5
6803 3
6804 5
6805 4
6806 5
6807 1
6808 5
6809 5
6810 4
6811 5
6812 5
6813 2
6814 2
6815 2
6816 1
6817 3
6818 2
6819 4
6820 1
6821 3
6822 3
6823 4
6824 1
6825 5
6826 1
6827 2
6828 2
6829 5
6830 2
6831 4
6832 3
6833 3
6834 1
6835 5
6836 1
6837 4
6838 4
6839 5
6840 2
6841 4
6842 1
6843 2
6844 3
6845 5
6846 2
6847 2
6848 4
6849 4
6850 3
6851 3
6852 1
6853 3
6854 2
6855 3
6856 1
6857 3
6858 5
6859 4
6860 2
6861 5
6862 2
6863 1
6864 5
6865 1
6866 3
6867 3
6868 4
6869 4
6870 2
6871 5
6872 1
6873 1
6874 2
6875 1
6876 1
6877 2
6878 4
6879 5
6880 5
6881 3
6882 3
6883 3
6884 3
6885 4
6886 3
6887 1
6888 4
6889 4
6890 3
6891 1
6892 2
6893 2
6894 5
6895 2
6896 4
6897 4
6898 5
6899 2
6900 1
6901 4
6902 5
6903 1
6904 3
6905 4
6906 2
6907 1
6908 2
6909 2
6910 2
6911 2
6912 1
6913 5
6914 4
6915 2
6916 3
6917 1
6918 4
6919 4
6920 4
6921 2
6922 4
6923 3
6924 2
6925 5
6926 1
6927 1
6928 2
6929 1
6930 5
6931 2
6932 1
6933 2
6934 4
6935 2
6936 2
6937 3
6938 2
6939 3
6940 5
6941 5
6942 3
6943 4
6944 3
6945 1
6946 1
6947 3
6948 1
6949 4
6950 4
6951 2
6952 5
6953 4
6954 3
6955 2
6956 1
6957 5
6958 5
6959 2
6960 4
6961 4
6962 1
6963 4
6964 3
6965 1
6966 4
6967 1
6968 2
6969 3
6970 4
6971 1
6972 5
6973 4
6974 3
6975 4
6976 5
6977 2
6978 2
6979 4
6980 5
6981 1
6982 5
6983 5
6984 4
6985 4
6986 1
6987 2
6988 1
6989 1
6990 5
6991 2
6992 2
6993 2
6994 2
6995 4
6996 3
6997 4
6998 1
6999 5
7000 3
7001 4
7002 5
7003 5
7004 5
7005 3
7006 1
7007 4
7008 3
7009 1
7010 1
7011 3
7012 5
7013 2
7014 3
7015 5
7016 1
7017 1
7018 4
7019 2
7020 1
7021 2
7022 1
7023 5
7024 1
7025 5
7026 4
7027 4
7028 4
7029 3
7030 5
7031 2
7032 3
7033 5
7034 2
7035 5
7036 2
7037 1
7038 5
7039 4
7040 4
7041 2
7042 3
7043 3
7044 1
7045 2
7046 3
7047 2
7048 4
7049 2
7050 1
7051 5
7052 1
7053 2
7054 4
7055 3
7056 2
7057 3
7058 5
7059 5
7060 1
7061 5
7062 4
7063 4
7064 5
7065 2
7066 3
7067 4
7068 3
7069 3
7070 1
7071 4
7072 1
7073 3
7074 5
7075 5
7076 3
7077 3
7078 4
7079 5
7080 1
7081 5
7082 3
7083 5
7084 1
7085 5
7086 2
7087 5
7088 5
7089 4
7090 5
7091 5
7092 3
7093 4
7094 5
7095 2
7096 1
7097 5
7098 5
7099 2
7100 3
7101 2
7102 3
7103 2
7104 2
7105 3
7106 3
7107 1
7108 5
7109 5
7110 1
7111 5
7112 5
7113 4
7114 1
7115 2
7116 5
7117 5
7118 3
7119 1
7120 4
7121 5
7122 2
7123 3
7124 2
7125 3
7126 2
7127 1
7128 5
7129 4
7130 1
7131 5
7132 5
7133 5
7134 1
7135 5
7136 1
7137 4
7138 4
7139 5
7140 3
7141 3
7142 1
7143 3
7144 2
7145 5
7146 5
7147 5
7148 5
7149 1
7150 1
7151 5
7152 3
7153 4
7154 2
7155 2
7156 5
7157 4
7158 2
7159 4
7160 1
7161 3
7162 5
7163 1
7164 3
7165 4
7166 1
7167 4
7168 4
7169 5
7170 1
7171 4
7172 2
7173 5
7174 4
7175 4
7176 1
7177 3
7178 2
7179 5
7180 1
7181 4
7182 1
7183 5
7184 2
7185 2
7186 1
7187 2
7188 1
7189 5
7190 5
7191 1
7192 5
7193 1
7194 2
7195 3
7196 1
7197 3
7198 4
7199 3
7200 4
7201 1
7202 1
7203 3
7204 3
7205 2
7206 1
7207 3
7208 5
7209 1
7210 4
7211 4
7212 3
7213 2
7214 1
7215 5
7216 2
7217 4
7218 4
7219 3
7220 2
7221 5
7222 3
7223 1
7224 3
7225 2
7226 3
7227 1
7228 4
7229 3
7230 1
7231 4
7232 5
7233 2
7234 3
7235 4
7236 5
7237 1
7238 5
7239 3
7240 4
7241 2
7242 4
7243 5
7244 4
7245 5
7246 3
7247 5
7248 2
7249 5
7250 2
7251 1
7252 5
7253 4
7254 4
7255 5
7256 1
7257 2
7258 4
7259 1
7260 2
7261 5
7262 2
7263 2
7264 3
7265 5
7266 3
7267 2
7268 2
7269 4
7270 3
7271 4
7272 2
7273 1
7274 2
7275 4
7276 2
7277 5
7278 5
7279 3
7280 1
7281 3
7282 2
7283 1
7284 2
7285 4
7286 2
7287 5
7288 2
7289 2
7290 5
7291 1
7292 5
7293 5
7294 3
7295 1
7296 3
7297 3
7298 1
7299 1
7300 5
7301 1
7302 4
7303 2
7304 3
7305 3
7306 5
7307 5
7308 5
7309 2
7310 2
7311 3
7312 2
7313 1
7314 3
7315 4
7316 1
7317 1
7318 2
7319 2
7320 4
7321 2
7322 5
7323 2
7324 1
7325 1
7326 4
7327 4
7328 1
7329 5
7330 3
7331 5
7332 4
7333 1
7334 4
7335 2
7336 5
7337 4
7338 2
7339 4
7340 2
7341 5
7342 1
7343 1
7344 2
7345 4
7346 4
7347 4
7348 4
7349 2
7350 2
7351 5
7352 1
7353 4
7354 1
7355 2
7356 3
7357 5
7358 5
7359 5
7360 3
7361 3
7362 1
7363 1
7364 4
7365 3
7366 4
7367 3
7368 5
7369 3
7370 1
7371 3
7372 4
7373 1
7374 4
7375 3
7376 1
7377 2
7378 2
7379 4
7380 3
7381 4
7382 5
7383 1
7384 2
7385 2
7386 2
7387 4
7388 1
7389 1
7390 3
7391 2
7392 4
7393 4
7394 1
7395 3
7396 4
7397 5
7398 3
7399 2
7400 2
7401 4
7402 3
7403 4
7404 1
7405 2
7406 4
7407 2
7408 5
7409 3
7410 4
7411 2
7412 5
7413 5
7414 1
7415 3
7416 3
7417 4
7418 4
7419 2
7420 2
7421 4
7422 3
7423 2
7424 3
7425 1
7426 2
7427 2
7428 5
7429 2
7430 1
7431 2
7432 1
7433 1
7434 4
7435 3
7436 3
7437 1
7438 1
7439 4
7440 4
7441 3
7442 2
7443 4
7444 2
7445 2
7446 2
7447 5
7448 1
7449 5
7450 2
7451 5
7452 5
7453 4
7454 3
7455 2
7456 2
7457 2
7458 4
7459 5
7460 3
7461 4
7462 4
7463 2
7464 1
7465 3
7466 3
7467 2
7468 3
7469 2
7470 2
7471 3
7472 3
7473 3
7474 4
7475 3
7476 2
7477 2
7478 1
7479 4
7480 2
7481 3
7482 4
7483 4
7484 5
7485 4
7486 4
7487 5
7488 3
7489 5
7490 2
7491 2
7492 5
7493 2
7494 5
7495 5
7496 5
7497 2
7498 2
7499 5
7500 5
7501 4
7502 2
7503 3
7504 2
7505 3
7506 5
7507 5
7508 3
7509 1
7510 1
7511 3
7512 1
7513 2
7514 1
7515 2
7516 2
7517 2
7518 1
7519 2
7520 3
7521 2
7522 1
7523 3
7524 1
7525 1
7526 1
7527 1
7528 1
7529 2
7530 4
7531 4
7532 5
7533 3
7534 3
7535 1
7536 5
7537 3
7538 5
7539 3
7540 4
7541 4
7542 2
7543 5
7544 4
7545 4
7546 5
7547 1
7548 1
7549 5
7550 2
7551 2
7552 5
7553 1
7554 2
7555 1
7556 1
7557 5
7558 3
7559 3
7560 5
7561 5
7562 3
7563 2
7564 3
7565 4
7566 2
7567 5
7568 1
7569 5
7570 2
7571 2
7572 2
7573 3
7574 3
7575 5
7576 5
7577 2
7578 4
7579 5
7580 1
7581 5
7582 2
7583 4
7584 3
7585 4
7586 5
7587 4
7588 2
7589 1
7590 2
7591 3
7592 4
7593 1
7594 1
7595 1
7596 1
7597 4
7598 2
7599 1
7600 3
7601 2
7602 5
7603 4
7604 5
7605 1
7606 5
7607 2
7608 3
7609 2
7610 1
7611 5
7612 3
7613 1
7614 3
7615 4
7616 3
7617 2
7618 1
7619 2
7620 2
7621 5
7622 4
7623 3
7624 4
7625 5
7626 5
7627 4
7628 5
7629 4
7630 4
7631 3
7632 4
7633 4
7634 4
7635 2
7636 5
7637 1
7638 4
7639 4
7640 2
7641 3
7642 4
7643 3
7644 1
7645 4
7646 1
7647 5
7648 3
7649 5
7650 1
7651 2
7652 5
7653 2
7654 4
7655 1
7656 1
7657 4
7658 3
7659 4
7660 3
7661 3
7662 5
7663 5
7664 4
7665 1
7666 2
7667 3
7668 3
7669 5
7670 3
7671 1
7672 1
7673 2
7674 1
7675 2
7676 3
7677 4
7678 5
7679 2
7680 5
7681 4
7682 2
7683 1
7684 4
7685 1
7686 4
7687 4
7688 5
7689 3
7690 2
7691 2
7692 5
7693 1
7694 2
7695 2
7696 2
7697 5
7698 3
7699 1
7700 4
7701 5
7702 5
7703 2
7704 1
7705 4
7706 1
7707 4
7708 3
7709 3
7710 5
7711 3
7712 4
7713 3
7714 4
7715 2
7716 5
7717 3
7718 3
7719 3
7720 1
7721 2
7722 1
7723 2
7724 2
7725 2
7726 2
7727 5
7728 3
7729 5
7730 4
7731 2
7732 4
7733 4
7734 2
7735 3
7736 3
7737 2
7738 5
7739 5
7740 1
7741 5
7742 5
7743 4
7744 5
7745 5
7746 4
7747 1
7748 5
7749 2
7750 3
7751 4
7752 5
7753 3
7754 4
7755 4
7756 3
7757 4
7758 4
7759 2
7760 4
7761 5
7762 1
7763 2
7764 2
7765 3
7766 2
7767 4
7768 3
7769 3
7770 1
7771 3
7772 1
7773 4
7774 2
7775 5
7776 4
7777 5
7778 1
7779 1
7780 5
7781 2
7782 3
7783 3
7784 3
7785 1
7786 3
7787 4
7788 4
7789 2
7790 1
7791 4
7792 5
7793 3
7794 2
7795 5
7796 1
7797 1
7798 5
7799 4
7800 3
7801 4
7802 3
7803 4
7804 3
7805 1
7806 3
7807 2
7808 3
7809 1
7810 2
7811 3
7812 1
7813 5
7814 5
7815 4
7816 3
7817 5
7818 3
7819 5
7820 3
7821 3
7822 5
7823 2
7824 3
7825 3
7826 5
7827 5
7828 4
7829 3
7830 2
7831 3
7832 3
7833 3
7834 5
7835 4
7836 2
7837 1
7838 1
7839 2
7840 2
7841 2
7842 2
7843 4
7844 5
7845 4
7846 1
7847 2
7848 2
7849 1
7850 1
7851 2
7852 4
7853 1
7854 5
7855 1
7856 3
7857 3
7858 2
7859 1
7860 1
7861 5
7862 1
7863 4
7864 1
7865 5
7866 4
7867 3
7868 5
7869 3
7870 5
7871 5
7872 1
7873 5
7874 2
7875 1
7876 1
7877 3
7878 1
7879 2
7880 4
7881 4
7882 1
7883 1
7884 1
7885 4
7886 5
7887 5
7888 2
7889 3
7890 3
7891 5
7892 2
7893 2
7894 3
7895 3
7896 2
7897 5
7898 1
7899 4
7900 5
7901 5
7902 1
7903 5
7904 5
7905 2
7906 3
7907 1
7908 3
7909 4
7910 3
7911 3
7912 3
7913 2
7914 4
7915 1
7916 4
7917 4
7918 2
7919 5
7920 4
7921 2
7922 4
7923 5
7924 2
7925 5
7926 5
7927 2
7928 3
7929 4
7930 4
7931 4
7932 5
7933 5
7934 5
7935 5
7936 5
7937 3
7938 3
7939 4
7940 3
7941 4
7942 1
7943 1
7944 3
7945 2
7946 1
7947 4
7948 2
7949 1
7950 3
7951 3
7952 3
7953 3
7954 2
7955 2
7956 3
7957 2
7958 5
7959 4
7960 1
7961 2
7962 2
7963 2
7964 2
7965 3
7966 1
7967 5
7968 2
7969 4
7970 1
7971 2
7972 4
7973 3
7974 4
7975 4
7976 3
7977 5
7978 3
7979 3
7980 1
7981 5
7982 3
7983 2
7984 5
7985 4
7986 4
7987 5
7988 2
7989 5
7990 5
7991 2
7992 3
7993 5
7994 1
7995 1
7996 3
7997 4
7998 2
7999 5
8000 3
8001 5
8002 2
8003 5
8004 5
8005 1
8006 3
8007 3
8008 4
8009 3
8010 3
8011 4
8012 2
8013 2
8014 1
8015 2
8016 5
8017 2
8018 4
8019 4
8020 5
8021 1
8022 3
8023 3
8024 5
8025 2
8026 1
8027 4
8028 5
8029 2
8030 3
8031 3
8032 3
8033 1
8034 5
8035 2
8036 1
8037 2
8038 4
8039 3
8040 5
8041 2
8042 1
8043 2
8044 2
8045 3
8046 1
8047 3
8048 4
8049 5
8050 2
8051 2
8052 1
8053 4
8054 1
8055 4
8056 3
8057 4
8058 1
8059 3
8060 1
8061 5
8062 3
8063 3
8064 2
8065 4
8066 5
8067 4
8068 3
8069 5
8070 3
8071 4
8072 1
8073 2
8074 5
8075 1
8076 2
8077 3
8078 5
8079 4
8080 4
8081 3
8082 5
8083 2
8084 1
8085 5
8086 4
8087 5
8088 2
8089 3
8090 5
8091 5
8092 5
8093 4
8094 2
8095 4
8096 5
8097 1
8098 5
8099 2
8100 3
8101 5
8102 1
8103 3
8104 2
8105 3
8106 5
8107 3
8108 2
8109 4
8110 2
8111 5
8112 4
8113 3
8114 3
8115 4
8116 1
8117 5
8118 1
8119 5
8120 3
8121 3
8122 4
8123 3
8124 1
8125 1
8126 3
8127 2
8128 3
8129 3
8130 4
8131 4
8132 2
8133 5
8134 5
8135 4
8136 5
8137 1
8138 2
8139 2
8140 4
8141 3
8142 4
8143 3
8144 4
8145 5
8146 1
8147 1
8148 4
8149 4
8150 5
8151 5
8152 4
8153 1
8154 5
8155 2
8156 1
8157 1
8158 4
8159 5
8160 5
8161 2
8162 4
8163 3
8164 4
8165 1
8166 5
8167 2
8168 3
8169 5
8170 4
8171 3
8172 1
8173 5
8174 2
8175 4
8176 3
8177 1
8178 2
8179 1
8180 2
8181 5
8182 3
8183 3
8184 1
8185 3
8186 5
8187 5
8188 2
8189 2
8190 5
8191 2
8192 3
8193 4
8194 2
8195 3
8196 5
8197 4
8198 4
8199 1
8200 3
8201 2
8202 5
8203 2
8204 5
8205 2
8206 1
8207 4
8208 4
8209 1
8210 4
8211 3
8212 4
8213 2
8214 2
8215 3
8216 3
8217 2
8218 3
8219 5
8220 3
8221 4
8222 3
8223 5
8224 4
8225 2
8226 1
8227 4
8228 5
8229 2
8230 1
8231 5
8232 2
8233 2
8234 5
8235 5
8236 4
8237 1
8238 5
8239 1
8240 4
8241 4
8242 4
8243 5
8244 3
8245 3
8246 1
8247 4
8248 4
8249 1
8250 4
8251 3
8252 2
8253 3
8254 2
8255 5
8256 1
8257 5
8258 1
8259 2
8260 4
8261 4
8262 4
8263 3
8264 2
8265 1
8266 3
8267 1
8268 5
8269 1
8270 4
8271 1
8272 3
8273 1
8274 5
8275 5
8276 5
8277 3
8278 3
8279 1
8280 4
8281 1
8282 3
8283 3
8284 5
8285 2
8286 2
8287 4
8288 5
8289 4
8290 5
8291 4
8292 2
8293 5
8294 2
8295 2
8296 1
8297 4
8298 2
8299 4
8300 5
8301 4
8302 1
8303 2
8304 5
8305 3
8306 3
8307 1
8308 1
8309 5
8310 2
8311 2
8312 4
8313 2
8314 4
8315 3
8316 5
8317 2
8318 2
8319 4
8320 1
8321 5
8322 2
8323 3
8324 1
8325 2
8326 5
8327 1
8328 5
8329 4
8330 1
8331 4
8332 4
8333 3
8334 3
8335 5
8336 1
8337 3
8338 1
8339 4
8340 4
8341 5
8342 4
8343 4
8344 5
8345 2
8346 5
8347 1
8348 3
8349 5
8350 1
8351 1
8352 2
8353 1
8354 3
8355 3
8356 3
8357 2
8358 1
8359 3
8360 5
8361 3
8362 1
8363 1
8364 2
8365 1
8366 4
8367 3
8368 4
8369 3
8370 1
8371 3
8372 5
8373 1
8374 4
8375 1
8376 2
8377 5
8378 3
8379 1
8380 3
8381 2
8382 2
8383 2
8384 5
8385 3
8386 4
8387 4
8388 3
8389 3
8390 4
8391 2
8392 4
8393 1
8394 1
8395 1
8396 4
8397 5
8398 5
8399 5
8400 4
8401 3
8402 1
8403 3
8404 5
8405 4
8406 3
8407 5
8408 5
8409 5
8410 4
8411 5
8412 3
8413 5
8414 1
8415 5
8416 2
8417 1
8418 3
8419 4
8420 4
8421 3
8422 1
8423 2
8424 3
8425 5
8426 3
8427 5
8428 4
8429 3
8430 1
8431 1
8432 1
8433 1
8434 5
8435 1
8436 3
8437 3
8438 5
8439 2
8440 4
8441 5
8442 4
8443 5
8444 5
8445 1
8446 4
8447 4
8448 1
8449 5
8450 1
8451 4
8452 5
8453 2
8454 4
8455 3
8456 4
8457 2
8458 1
8459 3
8460 4
8461 4
8462 5
8463 1
8464 2
8465 5
8466 5
8467 4
8468 5
8469 1
8470 4
8471 4
8472 1
8473 5
8474 5
8475 1
8476 2
8477 3
8478 1
8479 3
8480 3
8481 4
8482 1
8483 1
8484 4
8485 4
8486 3
8487 5
8488 1
8489 5
8490 4
8491 3
8492 2
8493 3
8494 1
8495 2
8496 5
8497 3
8498 3
8499 4
8500 2
8501 2
8502 2
8503 4
8504 1
8505 3
8506 4
8507 2
8508 5
8509 5
8510 1
8511 2
8512 4
8513 4
8514 2
8515 2
8516 4
8517 3
8518 3
8519 2
8520 1
8521 5
8522 5
8523 1
8524 1
8525 5
8526 1
8527 3
8528 4
8529 4
8530 2
8531 1
8532 2
8533 5
8534 5
8535 1
8536 4
8537 5
8538 4
8539 2
8540 3
8541 3
8542 2
8543 2
8544 4
8545 5
8546 1
8547 4
8548 5
8549 1
8550 3
8551 1
8552 4
8553 2
8554 3
8555 4
8556 1
8557 4
8558 4
8559 2
8560 4
8561 1
8562 3
8563 4
8564 1
8565 1
8566 3
8567 5
8568 1
8569 4
8570 1
8571 3
8572 2
8573 4
8574 1
8575 1
8576 5
8577 2
8578 2
8579 5
8580 5
8581 1
8582 1
8583 4
8584 2
8585 5
8586 2
8587 2
8588 4
8589 2
8590 5
8591 5
8592 4
8593 2
8594 1
8595 3
8596 4
8597 3
8598 5
8599 4
8600 2
8601 3
8602 2
8603 3
8604 3
8605 5
8606 2
8607 5
8608 2
8609 5
8610 1
8611 5
8612 4
8613 3
8614 2
8615 4
8616 3
8617 3
8618 5
8619 1
8620 3
8621 3
8622 1
8623 3
8624 2
8625 2
8626 3
8627 1
8628 2
8629 2
8630 1
8631 5
8632 1
8633 2
8634 5
8635 4
8636 4
8637 3
8638 1
8639 3
8640 5
8641 4
8642 1
8643 1
8644 4
8645 4
8646 3
8647 3
8648 1
8649 3
8650 3
8651 1
8652 5
8653 3
8654 5
8655 4
8656 1
8657 4
8658 3
8659 1
8660 2
8661 1
8662 3
8663 1
8664 4
8665 3
8666 3
8667 3
8668 5
8669 4
8670 2
8671 4
8672 4
8673 5
8674 1
8675 2
8676 5
8677 1
8678 5
8679 3
8680 5
8681 5
8682 2
8683 2
8684 2
8685 1
8686 1
8687 3
8688 3
8689 2
8690 2
8691 5
8692 3
8693 4
8694 3
8695 1
8696 2
8697 3
8698 4
8699 2
8700 3
8701 1
8702 3
8703 4
8704 4
8705 1
8706 1
8707 1
8708 2
8709 5
8710 1
8711 1
8712 5
8713 3
8714 1
8715 1
8716 5
8717 1
8718 1
8719 4
8720 4
8721 5
8722 4
8723 1
8724 4
8725 2
8726 2
8727 1
8728 2
8729 5
8730 5
8731 5
8732 2
8733 4
8734 4
8735 5
8736 3
8737 1
8738 5
8739 2
8740 5
8741 1
8742 4
8743 4
8744 1
8745 5
8746 5
8747 4
8748 1
8749 3
8750 3
8751 3
8752 2
8753 4
8754 3
8755 1
8756 3
8757 4
8758 5
8759 2
8760 5
8761 3
8762 5
8763 3
8764 1
8765 3
8766 5
8767 3
8768 1
8769 4
8770 3
8771 3
8772 1
8773 1
8774 3
8775 4
8776 5
8777 5
8778 3
8779 3
8780 5
8781 2
8782 4
8783 2
8784 1
8785 5
8786 1
8787 2
8788 4
8789 3
8790 4
8791 2
8792 3
8793 5
8794 4
8795 4
8796 1
8797 4
8798 3
8799 2
8800 1
8801 3
8802 3
8803 5
8804 4
8805 5
8806 3
8807 3
8808 2
8809 5
8810 2
8811 5
8812 5
8813 2
8814 5
8815 2
8816 3
8817 1
8818 5
8819 1
8820 2
8821 1
8822 4
8823 5
8824 2
8825 5
8826 3
8827 4
8828 4
8829 4
8830 1
8831 4
8832 5
8833 2
8834 3
8835 2
8836 4
8837 5
8838 4
8839 4
8840 5
8841 5
8842 1
8843 2
8844 3
8845 4
8846 5
8847 5
8848 1
8849 1
8850 4
8851 1
8852 5
8853 2
8854 3
8855 3
8856 4
8857 2
8858 3
8859 5
8860 3
8861 5
8862 2
8863 4
8864 4
8865 2
8866 2
8867 5
8868 3
8869 2
8870 1
8871 1
8872 2
8873 2
8874 3
8875 5
8876 4
8877 3
8878 4
8879 1
8880 3
8881 1
8882 4
8883 5
8884 2
8885 1
8886 2
8887 2
8888 3
8889 4
8890 4
8891 1
8892 3
8893 5
8894 1
8895 3
8896 4
8897 2
8898 4
8899 2
8900 5
8901 2
8902 3
8903 5
8904 3
8905 2
8906 3
8907 3
8908 1
8909 2
8910 5
8911 4
8912 5
8913 5
8914 3
8915 1
8916 4
8917 1
8918 2
8919 5
8920 4
8921 4
8922 4
8923 1
8924 5
8925 3
8926 1
8927 2
8928 4
8929 4
8930 1
8931 1
8932 3
8933 2
8934 2
8935 4
8936 1
8937 4
8938 3
8939 1
8940 3
8941 5
8942 5
8943 5
8944 5
8945 1
8946 5
8947 1
8948 5
8949 3
8950 5
8951 4
8952 1
8953 3
8954 5
8955 1
8956 2
8957 1
8958 3
8959 2
8960 2
8961 2
8962 5
8963 2
8964 1
8965 5
8966 2
8967 3
8968 4
8969 1
8970 4
8971 4
8972 3
8973 3
8974 5
8975 5
8976 1
8977 5
8978 4
8979 3
8980 1
8981 5
8982 2
8983 4
8984 5
8985 1
8986 3
8987 5
8988 2
8989 4
8990 3
8991 4
8992 4
8993 4
8994 3
8995 1
8996 3
8997 2
8998 3
8999 1
9000 4
9001 2
9002 3
9003 2
9004 1
9005 5
9006 2
9007 1
9008 1
9009 3
9010 2
9011 2
9012 3
9013 3
9014 1
9015 4
9016 2
9017 2
9018 5
9019 4
9020 3
9021 5
9022 4
9023 5
9024 4
9025 1
9026 2
9027 2
9028 2
9029 3
9030 1
9031 3
9032 3
9033 1
9034 5
9035 4
9036 4
9037 1
9038 2
9039 5
9040 1
9041 4
9042 4
9043 2
9044 4
9045 1
9046 2
9047 4
9048 1
9049 2
9050 2
9051 2
9052 4
9053 3
9054 2
9055 2
9056 2
9057 1
9058 4
9059 4
9060 5
9061 4
9062 3
9063 3
9064 1
9065 5
9066 1
9067 5
9068 2
9069 4
9070 2
9071 2
9072 1
9073 1
9074 2
9075 2
9076 2
9077 2
9078 3
9079 5
9080 2
9081 3
9082 1
9083 2
9084 2
9085 3
9086 3
9087 1
9088 2
9089 1
9090 3
9091 2
9092 4
9093 3
9094 5
9095 1
9096 5
9097 5
9098 5
9099 2
9100 3
9101 2
9102 1
9103 4
9104 4
9105 2
9106 3
9107 1
9108 1
9109 4
9110 3
9111 3
9112 3
9113 4
9114 1
9115 2
9116 4
9117 5
9118 3
9119 1
9120 3
9121 1
9122 2
9123 4
9124 2
9125 5
9126 3
9127 2
9128 4
9129 1
9130 4
9131 4
9132 3
9133 4
9134 1
9135 3
9136 3
9137 2
9138 2
9139 4
9140 3
9141 5
9142 4
9143 2
9144 5
9145 5
9146 2
9147 3
9148 2
9149 5
9150 4
9151 5
9152 5
9153 3
9154 5
9155 5
9156 5
9157 4
9158 1
9159 3
9160 4
9161 5
9162 1
9163 3
9164 3
9165 3
9166 3
9167 2
9168 2
9169 1
9170 4
9171 4
9172 1
9173 3
9174 1
9175 2
9176 5
9177 5
9178 3
9179 1
9180 1
9181 3
9182 5
9183 5
9184 5
9185 2
9186 2
9187 2
9188 1
9189 4
9190 4
9191 1
9192 2
9193 3
9194 2
9195 3
9196 5
9197 3
9198 4
9199 3
9200 2
9201 1
9202 5
9203 3
9204 5
9205 5
9206 4
9207 4
9208 3
9209 2
9210 5
9211 2
9212 3
9213 3
9214 4
9215 4
9216 1
9217 2
9218 2
9219 5
9220 2
9221 5
9222 2
9223 1
9224 3
9225 2
9226 2
9227 2
9228 3
9229 4
9230 1
9231 2
9232 4
9233 1
9234 1
9235 2
9236 5
9237 3
9238 1
9239 2
9240 1
9241 3
9242 3
9243 2
9244 1
9245 3
9246 4
9247 2
9248 3
9249 3
9250 2
9251 1
9252 4
9253 5
9254 4
9255 5
9256 2
9257 1
9258 1
9259 5
9260 3
9261 3
9262 1
9263 2
9264 3
9265 5
9266 2
9267 3
9268 2
9269 3
9270 4
9271 3
9272 5
9273 2
9274 2
9275 5
9276 4
9277 2
9278 1
9279 3
9280 2
9281 2
9282 5
9283 3
9284 4
9285 3
9286 1
9287 5
9288 1
9289 4
9290 3
9291 1
9292 2
9293 4
9294 2
9295 5
9296 5
9297 3
9298 2
9299 1
9300 3
9301 5
9302 4
9303 5
9304 4
9305 2
9306 4
9307 5
9308 5
9309 4
9310 2
9311 2
9312 1
9313 5
9314 3
9315 2
9316 5
9317 4
9318 4
9319 5
9320 5
9321 3
9322 2
9323 2
9324 2
9325 2
9326 2
9327 5
9328 2
9329 1
9330 5
9331 2
9332 3
9333 2
9334 3
9335 2
9336 3
9337 1
9338 5
9339 4
9340 2
9341 3
9342 4
9343 1
9344 4
9345 1
9346 5
9347 3
9348 1
9349 1
9350 1
9351 1
9352 4
9353 5
9354 5
9355 5
9356 2
9357 3
9358 5
9359 1
9360 1
9361 2
9362 2
9363 5
9364 3
9365 3
9366 3
9367 5
9368 3
9369 2
9370 1
9371 3
9372 4
9373 1
9374 1
9375 4
9376 1
9377 1
9378 5
9379 1
9380 5
9381 1
9382 5
9383 1
9384 2
9385 4
9386 3
9387 3
9388 4
9389 2
9390 5
9391 4
9392 5
9393 3
9394 3
9395 4
9396 3
9397 3
9398 1
9399 1
9400 1
9401 4
9402 4
9403 3
9404 2
9405 3
9406 4
9407 1
9408 5
9409 5
9410 5
9411 1
9412 3
9413 1
9414 5
9415 4
9416 2
9417 5
9418 2
9419 4
9420 1
9421 5
9422 3
9423 2
9424 4
9425 3
9426 5
9427 4
9428 2
9429 3
9430 1
9431 2
9432 1
9433 3
9434 3
9435 2
9436 2
9437 4
9438 4
9439 2
9440 1
9441 5
9442 5
9443 4
9444 2
9445 4
9446 4
9447 2
9448 1
9449 5
9450 4
9451 3
9452 3
9453 5
9454 2
9455 3
9456 5
9457 2
9458 3
9459 3
9460 1
9461 3
9462 2
9463 2
9464 4
9465 5
9466 5
9467 3
9468 1
9469 4
9470 4
9471 1
9472 5
9473 5
9474 1
9475 4
9476 2
9477 2
9478 3
9479 5
9480 4
9481 4
9482 4
9483 1
9484 2
9485 3
9486 5
9487 1
9488 2
9489 3
9490 2
9491 2
9492 1
9493 1
9494 1
9495 4
9496 4
9497 5
9498 3
9499 4
9500 5
9501 2
9502 4
9503 5
9504 5
9505 2
9506 4
9507 1
9508 4
9509 4
9510 1
9511 4
9512 4
9513 3
9514 5
9515 3
9516 4
9517 3
9518 2
9519 3
9520 5
9521 3
9522 2
9523 1
9524 5
9525 2
9526 3
9527 1
9528 2
9529 1
9530 3
9531 3
9532 1
9533 1
9534 2
9535 3
9536 2
9537 1
9538 2
9539 2
9540 1
9541 4
9542 5
9543 3
9544 1
9545 5
9546 3
9547 2
9548 2
9549 3
9550 3
9551 5
9552 2
9553 2
9554 5
9555 2
9556 3
9557 3
9558 3
9559 4
9560 1
9561 5
9562 4
9563 1
9564 2
9565 3
9566 5
9567 5
9568 3
9569 4
9570 3
9571 3
9572 4
9573 5
9574 5
9575 4
9576 1
9577 4
9578 4
9579 3
9580 4
9581 5
9582 3
9583 2
9584 3
9585 2
9586 2
9587 2
9588 4
9589 2
9590 1
9591 1
9592 5
9593 3
9594 2
9595 1
9596 2
9597 3
9598 3
9599 1
9600 1
9601 3
9602 1
9603 5
9604 2
9605 2
9606 5
9607 1
9608 1
9609 4
9610 1
9611 4
9612 4
9613 4
9614 1
9615 5
9616 5
9617 2
9618 2
9619 3
9620 4
9621 2
9622 1
9623 1
9624 1
9625 5
9626 4
9627 1
9628 5
9629 2
9630 1
9631 2
9632 4
9633 1
9634 2
9635 3
9636 2
9637 3
9638 1
9639 2
9640 5
9641 3
9642 5
9643 1
9644 4
9645 2
9646 1
9647 2
9648 5
9649 1
9650 4
9651 5
9652 3
9653 4
9654 4
9655 3
9656 2
9657 2
9658 4
9659 1
9660 3
9661 4
9662 5
9663 2
9664 4
9665 3
9666 4
9667 2
9668 3
9669 2
9670 2
9671 5
9672 4
9673 4
9674 2
9675 5
9676 4
9677 5
9678 3
9679 4
9680 1
9681 4
9682 3
9683 4
9684 3
9685 3
9686 3
9687 4
9688 1
9689 5
9690 1
9691 4
9692 1
9693 1
9694 2
9695 3
9696 1
9697 3
9698 1
9699 2
9700 3
9701 5
9702 3
9703 1
9704 2
9705 3
9706 4
9707 1
9708 2
9709 1
9710 5
9711 2
9712 2
9713 3
9714 1
9715 3
9716 4
9717 5
9718 3
9719 1
9720 5
9721 2
9722 4
9723 2
9724 5
9725 3
9726 4
9727 1
9728 5
9729 1
9730 5
9731 5
9732 3
9733 4
9734 1
9735 1
9736 4
9737 5
9738 1
9739 3
9740 1
9741 5
9742 3
9743 2
9744 1
9745 1
9746 5
9747 4
9748 1
9749 2
9750 1
9751 1
9752 5
9753 4
9754 5
9755 3
9756 4
9757 1
9758 1
9759 3
9760 2
9761 3
9762 5
9763 5
9764 2
9765 2
9766 4
9767 5
9768 5
9769 2
9770 2
9771 5
9772 5
9773 1
9774 3
9775 3
9776 1
9777 2
9778 4
9779 5
9780 3
9781 2
9782 1
9783 1
9784 4
9785 2
9786 2
9787 3
9788 2
9789 4
9790 4
9791 1
9792 2
9793 2
9794 5
9795 3
9796 5
9797 3
9798 1
9799 2
9800 1
9801 3
9802 2
9803 4
9804 1
9805 2
9806 4
9807 3
9808 5
9809 1
9810 4
9811 1
9812 4
9813 1
9814 1
9815 4
9816 2
9817 2
9818 4
9819 1
9820 3
9821 3
9822 1
9823 4
9824 3
9825 1
9826 3
9827 3
9828 2
9829 2
9830 4
9831 5
9832 3
9833 1
9834 5
9835 2
9836 3
9837 3
9838 1
9839 5
9840 5
9841 4
9842 1
9843 2
9844 5
9845 5
9846 2
9847 2
9848 1
9849 5
9850 2
9851 1
9852 5
9853 2
9854 2
9855 2
9856 3
9857 1
9858 4
9859 2
9860 2
9861 5
9862 5
9863 1
9864 2
9865 3
9866 1
9867 2
9868 3
9869 3
9870 2
9871 1
9872 2
9873 5
9874 1
9875 1
9876 2
9877 2
9878 4
9879 2
9880 5
9881 3
9882 5
9883 3
9884 5
9885 1
9886 2
9887 5
9888 2
9889 2
9890 5
9891 2
9892 3
9893 3
9894 4
9895 2
9896 3
9897 5
9898 1
9899 1
9900 4
9901 3
9902 1
9903 1
9904 2
9905 1
9906 5
9907 1
9908 4
9909 5
9910 5
9911 3
9912 4
9913 4
9914 5
9915 4
9916 2
9917 1
9918 2
9919 4
9920 2
9921 3
9922 5
9923 5
9924 4
9925 2
9926 3
9927 4
9928 3
9929 3
9930 3
9931 3
9932 3
9933 5
9934 3
9935 1
9936 4
9937 3
9938 1
9939 2
9940 4
9941 4
9942 5
9943 5
9944 2
9945 2
9946 4
9947 4
9948 1
9949 3
9950 1
9951 3
9952 5
9953 5
9954 5
9955 4
9956 5
9957 2
9958 3
9959 4
9960 3
9961 1
9962 3
9963 5
9964 2
9965 2
9966 2
9967 5
9968 5
9969 4
9970 2
9971 3
9972 3
9973 3
9974 1
9975 4
9976 5
9977 3
9978 4
9979 2
9980 5
9981 4
9982 2
9983 2
9984 2
9985 5
9986 1
9987 4
9988 3
9989 3
9990 5
9991 3
9992 3
9993 1
9994 4
9995 3
9996 4
9997 5
9998 2
9999 4
10000 1
